"Plot Title: Butschenberg"
"#","Date Time, GMT+00:00","Temp, °C (LGR S/N: 10234807, SEN S/N: 10234807)","Cum. Sum: Niederschlag, mm (LGR S/N: 10234807)","Host Connected (LGR S/N: 10234807)","Coupler Attached (LGR S/N: 10234807)","End Of File (LGR S/N: 10234807)"
1,01/23/22 12:00:00 PM,8.082,0.0,,,
2,01/23/22 12:05:00 PM,,0.0,,,
3,01/23/22 12:10:00 PM,,0.0,,,
4,01/23/22 12:15:00 PM,,0.0,,,
5,01/23/22 12:20:00 PM,,0.0,,,
6,01/23/22 12:25:00 PM,,0.0,,,
7,01/23/22 12:30:00 PM,5.037,0.0,,,
8,01/23/22 12:35:00 PM,,0.0,,,
9,01/23/22 12:40:00 PM,,0.0,,,
10,01/23/22 12:45:00 PM,,0.0,,,
11,01/23/22 12:50:00 PM,,0.0,,,
12,01/23/22 12:55:00 PM,,0.0,,,
13,01/23/22 01:00:00 PM,4.934,0.0,,,
14,01/23/22 01:05:00 PM,,0.0,,,
15,01/23/22 01:10:00 PM,,0.0,,,
16,01/23/22 01:15:00 PM,,0.0,,,
17,01/23/22 01:20:00 PM,,0.0,,,
18,01/23/22 01:25:00 PM,,0.0,,,
19,01/23/22 01:30:00 PM,4.831,0.0,,,
20,01/23/22 01:35:00 PM,,0.0,,,
21,01/23/22 01:40:00 PM,,0.0,,,
22,01/23/22 01:45:00 PM,,0.0,,,
23,01/23/22 01:50:00 PM,,0.0,,,
24,01/23/22 01:55:00 PM,,0.0,,,
25,01/23/22 02:00:00 PM,4.623,0.0,,,
26,01/23/22 02:05:00 PM,,0.0,,,
27,01/23/22 02:10:00 PM,,0.0,,,
28,01/23/22 02:15:00 PM,,0.0,,,
29,01/23/22 02:20:00 PM,,0.0,,,
30,01/23/22 02:25:00 PM,,0.0,,,
31,01/23/22 02:30:00 PM,4.415,0.0,,,
32,01/23/22 02:35:00 PM,,0.0,,,
33,01/23/22 02:40:00 PM,,0.0,,,
34,01/23/22 02:45:00 PM,,0.0,,,
35,01/23/22 02:50:00 PM,,0.0,,,
36,01/23/22 02:55:00 PM,,0.0,,,
37,01/23/22 03:00:00 PM,4.415,0.0,,,
38,01/23/22 03:05:00 PM,,0.0,,,
39,01/23/22 03:10:00 PM,,0.0,,,
40,01/23/22 03:15:00 PM,,0.0,,,
41,01/23/22 03:20:00 PM,,0.0,,,
42,01/23/22 03:25:00 PM,,0.0,,,
43,01/23/22 03:30:00 PM,3.998,0.0,,,
44,01/23/22 03:35:00 PM,,0.0,,,
45,01/23/22 03:40:00 PM,,0.0,,,
46,01/23/22 03:45:00 PM,,0.0,,,
47,01/23/22 03:50:00 PM,,0.0,,,
48,01/23/22 03:55:00 PM,,0.0,,,
49,01/23/22 04:00:00 PM,3.683,0.0,,,
50,01/23/22 04:05:00 PM,,0.0,,,
51,01/23/22 04:10:00 PM,,0.0,,,
52,01/23/22 04:15:00 PM,,0.0,,,
53,01/23/22 04:20:00 PM,,0.0,,,
54,01/23/22 04:25:00 PM,,0.0,,,
55,01/23/22 04:30:00 PM,3.261,0.0,,,
56,01/23/22 04:35:00 PM,,0.0,,,
57,01/23/22 04:40:00 PM,,0.0,,,
58,01/23/22 04:45:00 PM,,0.0,,,
59,01/23/22 04:50:00 PM,,0.0,,,
60,01/23/22 04:55:00 PM,,0.0,,,
61,01/23/22 05:00:00 PM,2.837,0.0,,,
62,01/23/22 05:05:00 PM,,0.0,,,
63,01/23/22 05:10:00 PM,,0.0,,,
64,01/23/22 05:15:00 PM,,0.0,,,
65,01/23/22 05:20:00 PM,,0.0,,,
66,01/23/22 05:25:00 PM,,0.0,,,
67,01/23/22 05:30:00 PM,2.517,0.0,,,
68,01/23/22 05:35:00 PM,,0.0,,,
69,01/23/22 05:40:00 PM,,0.0,,,
70,01/23/22 05:45:00 PM,,0.0,,,
71,01/23/22 05:50:00 PM,,0.0,,,
72,01/23/22 05:55:00 PM,,0.0,,,
73,01/23/22 06:00:00 PM,2.195,0.0,,,
74,01/23/22 06:05:00 PM,,0.0,,,
75,01/23/22 06:10:00 PM,,0.0,,,
76,01/23/22 06:15:00 PM,,0.0,,,
77,01/23/22 06:20:00 PM,,0.0,,,
78,01/23/22 06:25:00 PM,,0.0,,,
79,01/23/22 06:30:00 PM,1.439,0.0,,,
80,01/23/22 06:35:00 PM,,0.0,,,
81,01/23/22 06:40:00 PM,,0.0,,,
82,01/23/22 06:45:00 PM,,0.0,,,
83,01/23/22 06:50:00 PM,,0.0,,,
84,01/23/22 06:55:00 PM,,0.0,,,
85,01/23/22 07:00:00 PM,1.112,0.0,,,
86,01/23/22 07:05:00 PM,,0.0,,,
87,01/23/22 07:10:00 PM,,0.0,,,
88,01/23/22 07:15:00 PM,,0.0,,,
89,01/23/22 07:20:00 PM,,0.0,,,
90,01/23/22 07:25:00 PM,,0.0,,,
91,01/23/22 07:30:00 PM,0.563,0.0,,,
92,01/23/22 07:35:00 PM,,0.0,,,
93,01/23/22 07:40:00 PM,,0.0,,,
94,01/23/22 07:45:00 PM,,0.0,,,
95,01/23/22 07:50:00 PM,,0.0,,,
96,01/23/22 07:55:00 PM,,0.0,,,
97,01/23/22 08:00:00 PM,0.563,0.0,,,
98,01/23/22 08:05:00 PM,,0.0,,,
99,01/23/22 08:10:00 PM,,0.0,,,
100,01/23/22 08:15:00 PM,,0.0,,,
101,01/23/22 08:20:00 PM,,0.0,,,
102,01/23/22 08:25:00 PM,,0.0,,,
103,01/23/22 08:30:00 PM,0.674,0.0,,,
104,01/23/22 08:35:00 PM,,0.0,,,
105,01/23/22 08:40:00 PM,,0.0,,,
106,01/23/22 08:45:00 PM,,0.0,,,
107,01/23/22 08:50:00 PM,,0.0,,,
108,01/23/22 08:55:00 PM,,0.0,,,
109,01/23/22 09:00:00 PM,0.453,0.0,,,
110,01/23/22 09:05:00 PM,,0.0,,,
111,01/23/22 09:10:00 PM,,0.0,,,
112,01/23/22 09:15:00 PM,,0.0,,,
113,01/23/22 09:20:00 PM,,0.0,,,
114,01/23/22 09:25:00 PM,,0.0,,,
115,01/23/22 09:30:00 PM,0.563,0.0,,,
116,01/23/22 09:35:00 PM,,0.0,,,
117,01/23/22 09:40:00 PM,,0.0,,,
118,01/23/22 09:45:00 PM,,0.0,,,
119,01/23/22 09:50:00 PM,,0.0,,,
120,01/23/22 09:55:00 PM,,0.0,,,
121,01/23/22 10:00:00 PM,0.343,0.0,,,
122,01/23/22 10:05:00 PM,,0.0,,,
123,01/23/22 10:10:00 PM,,0.0,,,
124,01/23/22 10:15:00 PM,,0.0,,,
125,01/23/22 10:20:00 PM,,0.0,,,
126,01/23/22 10:25:00 PM,,0.0,,,
127,01/23/22 10:30:00 PM,0.563,0.0,,,
128,01/23/22 10:35:00 PM,,0.0,,,
129,01/23/22 10:40:00 PM,,0.0,,,
130,01/23/22 10:45:00 PM,,0.0,,,
131,01/23/22 10:50:00 PM,,0.0,,,
132,01/23/22 10:55:00 PM,,0.0,,,
133,01/23/22 11:00:00 PM,0.343,0.0,,,
134,01/23/22 11:05:00 PM,,0.0,,,
135,01/23/22 11:10:00 PM,,0.0,,,
136,01/23/22 11:15:00 PM,,0.0,,,
137,01/23/22 11:20:00 PM,,0.0,,,
138,01/23/22 11:25:00 PM,,0.0,,,
139,01/23/22 11:30:00 PM,0.010,0.0,,,
140,01/23/22 11:35:00 PM,,0.0,,,
141,01/23/22 11:40:00 PM,,0.0,,,
142,01/23/22 11:45:00 PM,,0.0,,,
143,01/23/22 11:50:00 PM,,0.0,,,
144,01/23/22 11:55:00 PM,,0.0,,,
145,01/24/22 12:00:00 AM,0.010,0.0,,,
146,01/24/22 12:05:00 AM,,0.0,,,
147,01/24/22 12:10:00 AM,,0.0,,,
148,01/24/22 12:15:00 AM,,0.0,,,
149,01/24/22 12:20:00 AM,,0.0,,,
150,01/24/22 12:25:00 AM,,0.0,,,
151,01/24/22 12:30:00 AM,-0.213,0.0,,,
152,01/24/22 12:35:00 AM,,0.0,,,
153,01/24/22 12:40:00 AM,,0.0,,,
154,01/24/22 12:45:00 AM,,0.0,,,
155,01/24/22 12:50:00 AM,,0.0,,,
156,01/24/22 12:55:00 AM,,0.0,,,
157,01/24/22 01:00:00 AM,-0.102,0.0,,,
158,01/24/22 01:05:00 AM,,0.0,,,
159,01/24/22 01:10:00 AM,,0.0,,,
160,01/24/22 01:15:00 AM,,0.0,,,
161,01/24/22 01:20:00 AM,,0.0,,,
162,01/24/22 01:25:00 AM,,0.0,,,
163,01/24/22 01:30:00 AM,0.010,0.0,,,
164,01/24/22 01:35:00 AM,,0.0,,,
165,01/24/22 01:40:00 AM,,0.0,,,
166,01/24/22 01:45:00 AM,,0.0,,,
167,01/24/22 01:50:00 AM,,0.0,,,
168,01/24/22 01:55:00 AM,,0.0,,,
169,01/24/22 02:00:00 AM,0.121,0.0,,,
170,01/24/22 02:05:00 AM,,0.0,,,
171,01/24/22 02:10:00 AM,,0.0,,,
172,01/24/22 02:15:00 AM,,0.0,,,
173,01/24/22 02:20:00 AM,,0.0,,,
174,01/24/22 02:25:00 AM,,0.0,,,
175,01/24/22 02:30:00 AM,-0.102,0.0,,,
176,01/24/22 02:35:00 AM,,0.0,,,
177,01/24/22 02:40:00 AM,,0.0,,,
178,01/24/22 02:45:00 AM,,0.0,,,
179,01/24/22 02:50:00 AM,,0.0,,,
180,01/24/22 02:55:00 AM,,0.0,,,
181,01/24/22 03:00:00 AM,-0.325,0.0,,,
182,01/24/22 03:05:00 AM,,0.0,,,
183,01/24/22 03:10:00 AM,,0.0,,,
184,01/24/22 03:15:00 AM,,0.0,,,
185,01/24/22 03:20:00 AM,,0.0,,,
186,01/24/22 03:25:00 AM,,0.0,,,
187,01/24/22 03:30:00 AM,0.121,0.0,,,
188,01/24/22 03:35:00 AM,,0.0,,,
189,01/24/22 03:40:00 AM,,0.0,,,
190,01/24/22 03:45:00 AM,,0.0,,,
191,01/24/22 03:50:00 AM,,0.0,,,
192,01/24/22 03:55:00 AM,,0.0,,,
193,01/24/22 04:00:00 AM,0.232,0.0,,,
194,01/24/22 04:05:00 AM,,0.0,,,
195,01/24/22 04:10:00 AM,,0.0,,,
196,01/24/22 04:15:00 AM,,0.0,,,
197,01/24/22 04:20:00 AM,,0.0,,,
198,01/24/22 04:25:00 AM,,0.0,,,
199,01/24/22 04:30:00 AM,0.010,0.0,,,
200,01/24/22 04:35:00 AM,,0.0,,,
201,01/24/22 04:40:00 AM,,0.0,,,
202,01/24/22 04:45:00 AM,,0.0,,,
203,01/24/22 04:50:00 AM,,0.0,,,
204,01/24/22 04:55:00 AM,,0.0,,,
205,01/24/22 05:00:00 AM,-0.213,0.0,,,
206,01/24/22 05:05:00 AM,,0.0,,,
207,01/24/22 05:10:00 AM,,0.0,,,
208,01/24/22 05:15:00 AM,,0.0,,,
209,01/24/22 05:20:00 AM,,0.0,,,
210,01/24/22 05:25:00 AM,,0.0,,,
211,01/24/22 05:30:00 AM,-0.213,0.0,,,
212,01/24/22 05:35:00 AM,,0.0,,,
213,01/24/22 05:40:00 AM,,0.0,,,
214,01/24/22 05:45:00 AM,,0.0,,,
215,01/24/22 05:50:00 AM,,0.0,,,
216,01/24/22 05:55:00 AM,,0.0,,,
217,01/24/22 06:00:00 AM,-0.102,0.0,,,
218,01/24/22 06:05:00 AM,,0.0,,,
219,01/24/22 06:10:00 AM,,0.0,,,
220,01/24/22 06:15:00 AM,,0.0,,,
221,01/24/22 06:20:00 AM,,0.0,,,
222,01/24/22 06:25:00 AM,,0.0,,,
223,01/24/22 06:30:00 AM,-0.102,0.0,,,
224,01/24/22 06:35:00 AM,,0.0,,,
225,01/24/22 06:40:00 AM,,0.0,,,
226,01/24/22 06:45:00 AM,,0.0,,,
227,01/24/22 06:50:00 AM,,0.0,,,
228,01/24/22 06:55:00 AM,,0.0,,,
229,01/24/22 07:00:00 AM,0.232,0.0,,,
230,01/24/22 07:05:00 AM,,0.0,,,
231,01/24/22 07:10:00 AM,,0.0,,,
232,01/24/22 07:15:00 AM,,0.0,,,
233,01/24/22 07:20:00 AM,,0.0,,,
234,01/24/22 07:25:00 AM,,0.0,,,
235,01/24/22 07:30:00 AM,0.121,0.0,,,
236,01/24/22 07:35:00 AM,,0.0,,,
237,01/24/22 07:40:00 AM,,0.0,,,
238,01/24/22 07:45:00 AM,,0.0,,,
239,01/24/22 07:50:00 AM,,0.0,,,
240,01/24/22 07:55:00 AM,,0.0,,,
241,01/24/22 08:00:00 AM,0.343,0.0,,,
242,01/24/22 08:05:00 AM,,0.0,,,
243,01/24/22 08:10:00 AM,,0.0,,,
244,01/24/22 08:15:00 AM,,0.0,,,
245,01/24/22 08:20:00 AM,,0.0,,,
246,01/24/22 08:25:00 AM,,0.0,,,
247,01/24/22 08:30:00 AM,0.893,0.0,,,
248,01/24/22 08:35:00 AM,,0.0,,,
249,01/24/22 08:40:00 AM,,0.0,,,
250,01/24/22 08:45:00 AM,,0.0,,,
251,01/24/22 08:50:00 AM,,0.0,,,
252,01/24/22 08:55:00 AM,,0.0,,,
253,01/24/22 09:00:00 AM,1.112,0.0,,,
254,01/24/22 09:05:00 AM,,0.0,,,
255,01/24/22 09:10:00 AM,,0.0,,,
256,01/24/22 09:15:00 AM,,0.0,,,
257,01/24/22 09:20:00 AM,,0.0,,,
258,01/24/22 09:25:00 AM,,0.0,,,
259,01/24/22 09:30:00 AM,1.221,0.0,,,
260,01/24/22 09:35:00 AM,,0.0,,,
261,01/24/22 09:40:00 AM,,0.0,,,
262,01/24/22 09:45:00 AM,,0.0,,,
263,01/24/22 09:50:00 AM,,0.0,,,
264,01/24/22 09:55:00 AM,,0.0,,,
265,01/24/22 10:00:00 AM,1.221,0.0,,,
266,01/24/22 10:05:00 AM,,0.0,,,
267,01/24/22 10:10:00 AM,,0.0,,,
268,01/24/22 10:15:00 AM,,0.0,,,
269,01/24/22 10:20:00 AM,,0.0,,,
270,01/24/22 10:25:00 AM,,0.0,,,
271,01/24/22 10:30:00 AM,1.439,0.0,,,
272,01/24/22 10:35:00 AM,,0.0,,,
273,01/24/22 10:40:00 AM,,0.0,,,
274,01/24/22 10:45:00 AM,,0.0,,,
275,01/24/22 10:50:00 AM,,0.0,,,
276,01/24/22 10:55:00 AM,,0.0,,,
277,01/24/22 11:00:00 AM,1.221,0.0,,,
278,01/24/22 11:05:00 AM,,0.0,,,
279,01/24/22 11:10:00 AM,,0.0,,,
280,01/24/22 11:15:00 AM,,0.0,,,
281,01/24/22 11:20:00 AM,,0.0,,,
282,01/24/22 11:25:00 AM,,0.0,,,
283,01/24/22 11:30:00 AM,1.112,0.0,,,
284,01/24/22 11:35:00 AM,,0.0,,,
285,01/24/22 11:40:00 AM,,0.0,,,
286,01/24/22 11:45:00 AM,,0.0,,,
287,01/24/22 11:50:00 AM,,0.0,,,
288,01/24/22 11:55:00 AM,,0.0,,,
289,01/24/22 12:00:00 PM,1.764,0.0,,,
290,01/24/22 12:05:00 PM,,0.0,,,
291,01/24/22 12:10:00 PM,,0.0,,,
292,01/24/22 12:15:00 PM,,0.0,,,
293,01/24/22 12:20:00 PM,,0.0,,,
294,01/24/22 12:25:00 PM,,0.0,,,
295,01/24/22 12:30:00 PM,2.517,0.0,,,
296,01/24/22 12:35:00 PM,,0.0,,,
297,01/24/22 12:40:00 PM,,0.0,,,
298,01/24/22 12:45:00 PM,,0.0,,,
299,01/24/22 12:50:00 PM,,0.0,,,
300,01/24/22 12:55:00 PM,,0.0,,,
301,01/24/22 01:00:00 PM,2.730,0.0,,,
302,01/24/22 01:05:00 PM,,0.0,,,
303,01/24/22 01:10:00 PM,,0.0,,,
304,01/24/22 01:15:00 PM,,0.0,,,
305,01/24/22 01:20:00 PM,,0.0,,,
306,01/24/22 01:25:00 PM,,0.0,,,
307,01/24/22 01:30:00 PM,3.261,0.0,,,
308,01/24/22 01:35:00 PM,,0.0,,,
309,01/24/22 01:40:00 PM,,0.0,,,
310,01/24/22 01:45:00 PM,,0.0,,,
311,01/24/22 01:50:00 PM,,0.0,,,
312,01/24/22 01:55:00 PM,,0.0,,,
313,01/24/22 02:00:00 PM,3.578,0.0,,,
314,01/24/22 02:05:00 PM,,0.0,,,
315,01/24/22 02:10:00 PM,,0.0,,,
316,01/24/22 02:15:00 PM,,0.0,,,
317,01/24/22 02:20:00 PM,,0.0,,,
318,01/24/22 02:25:00 PM,,0.0,,,
319,01/24/22 02:30:00 PM,3.788,0.0,,,
320,01/24/22 02:35:00 PM,,0.0,,,
321,01/24/22 02:40:00 PM,,0.0,,,
322,01/24/22 02:45:00 PM,,0.0,,,
323,01/24/22 02:50:00 PM,,0.0,,,
324,01/24/22 02:55:00 PM,,0.0,,,
325,01/24/22 03:00:00 PM,5.860,0.0,,,
326,01/24/22 03:05:00 PM,,0.0,,,
327,01/24/22 03:10:00 PM,,0.0,,,
328,01/24/22 03:15:00 PM,,0.0,,,
329,01/24/22 03:20:00 PM,,0.0,,,
330,01/24/22 03:25:00 PM,,0.0,,,
331,01/24/22 03:30:00 PM,7.882,0.0,,,
332,01/24/22 03:35:00 PM,,0.0,,,
333,01/24/22 03:40:00 PM,,0.0,,,
334,01/24/22 03:45:00 PM,,0.0,,,
335,01/24/22 03:50:00 PM,,0.0,,,
336,01/24/22 03:55:00 PM,,0.0,,,
337,01/24/22 04:00:00 PM,5.757,0.0,,,
338,01/24/22 04:05:00 PM,,0.0,,,
339,01/24/22 04:10:00 PM,,0.0,,,
340,01/24/22 04:15:00 PM,,0.0,,,
341,01/24/22 04:20:00 PM,,0.0,,,
342,01/24/22 04:25:00 PM,,0.0,,,
343,01/24/22 04:30:00 PM,3.472,0.0,,,
344,01/24/22 04:35:00 PM,,0.0,,,
345,01/24/22 04:40:00 PM,,0.0,,,
346,01/24/22 04:45:00 PM,,0.0,,,
347,01/24/22 04:50:00 PM,,0.0,,,
348,01/24/22 04:55:00 PM,,0.0,,,
349,01/24/22 05:00:00 PM,2.410,0.0,,,
350,01/24/22 05:05:00 PM,,0.0,,,
351,01/24/22 05:10:00 PM,,0.0,,,
352,01/24/22 05:15:00 PM,,0.0,,,
353,01/24/22 05:20:00 PM,,0.0,,,
354,01/24/22 05:25:00 PM,,0.0,,,
355,01/24/22 05:30:00 PM,1.980,0.0,,,
356,01/24/22 05:35:00 PM,,0.0,,,
357,01/24/22 05:40:00 PM,,0.0,,,
358,01/24/22 05:45:00 PM,,0.0,,,
359,01/24/22 05:50:00 PM,,0.0,,,
360,01/24/22 05:55:00 PM,,0.0,,,
361,01/24/22 06:00:00 PM,1.872,0.0,,,
362,01/24/22 06:05:00 PM,,0.0,,,
363,01/24/22 06:10:00 PM,,0.0,,,
364,01/24/22 06:15:00 PM,,0.0,,,
365,01/24/22 06:20:00 PM,,0.0,,,
366,01/24/22 06:25:00 PM,,0.0,,,
367,01/24/22 06:30:00 PM,1.872,0.0,,,
368,01/24/22 06:35:00 PM,,0.0,,,
369,01/24/22 06:40:00 PM,,0.0,,,
370,01/24/22 06:45:00 PM,,0.0,,,
371,01/24/22 06:50:00 PM,,0.0,,,
372,01/24/22 06:55:00 PM,,0.0,,,
373,01/24/22 07:00:00 PM,1.872,0.0,,,
374,01/24/22 07:05:00 PM,,0.0,,,
375,01/24/22 07:10:00 PM,,0.0,,,
376,01/24/22 07:15:00 PM,,0.0,,,
377,01/24/22 07:20:00 PM,,0.0,,,
378,01/24/22 07:25:00 PM,,0.0,,,
379,01/24/22 07:30:00 PM,1.764,0.0,,,
380,01/24/22 07:35:00 PM,,0.0,,,
381,01/24/22 07:40:00 PM,,0.0,,,
382,01/24/22 07:45:00 PM,,0.0,,,
383,01/24/22 07:50:00 PM,,0.0,,,
384,01/24/22 07:55:00 PM,,0.0,,,
385,01/24/22 08:00:00 PM,1.548,0.0,,,
386,01/24/22 08:05:00 PM,,0.0,,,
387,01/24/22 08:10:00 PM,,0.0,,,
388,01/24/22 08:15:00 PM,,0.0,,,
389,01/24/22 08:20:00 PM,,0.0,,,
390,01/24/22 08:25:00 PM,,0.0,,,
391,01/24/22 08:30:00 PM,1.330,0.0,,,
392,01/24/22 08:35:00 PM,,0.0,,,
393,01/24/22 08:40:00 PM,,0.0,,,
394,01/24/22 08:45:00 PM,,0.0,,,
395,01/24/22 08:50:00 PM,,0.0,,,
396,01/24/22 08:55:00 PM,,0.0,,,
397,01/24/22 09:00:00 PM,1.221,0.0,,,
398,01/24/22 09:05:00 PM,,0.0,,,
399,01/24/22 09:10:00 PM,,0.0,,,
400,01/24/22 09:15:00 PM,,0.0,,,
401,01/24/22 09:20:00 PM,,0.0,,,
402,01/24/22 09:25:00 PM,,0.0,,,
403,01/24/22 09:30:00 PM,1.112,0.0,,,
404,01/24/22 09:35:00 PM,,0.0,,,
405,01/24/22 09:40:00 PM,,0.0,,,
406,01/24/22 09:45:00 PM,,0.0,,,
407,01/24/22 09:50:00 PM,,0.0,,,
408,01/24/22 09:55:00 PM,,0.0,,,
409,01/24/22 10:00:00 PM,0.893,0.0,,,
410,01/24/22 10:05:00 PM,,0.0,,,
411,01/24/22 10:10:00 PM,,0.0,,,
412,01/24/22 10:15:00 PM,,0.0,,,
413,01/24/22 10:20:00 PM,,0.0,,,
414,01/24/22 10:25:00 PM,,0.0,,,
415,01/24/22 10:30:00 PM,0.563,0.0,,,
416,01/24/22 10:35:00 PM,,0.0,,,
417,01/24/22 10:40:00 PM,,0.0,,,
418,01/24/22 10:45:00 PM,,0.0,,,
419,01/24/22 10:50:00 PM,,0.0,,,
420,01/24/22 10:55:00 PM,,0.0,,,
421,01/24/22 11:00:00 PM,0.453,0.0,,,
422,01/24/22 11:05:00 PM,,0.0,,,
423,01/24/22 11:10:00 PM,,0.0,,,
424,01/24/22 11:15:00 PM,,0.0,,,
425,01/24/22 11:20:00 PM,,0.0,,,
426,01/24/22 11:25:00 PM,,0.0,,,
427,01/24/22 11:30:00 PM,0.453,0.0,,,
428,01/24/22 11:35:00 PM,,0.0,,,
429,01/24/22 11:40:00 PM,,0.0,,,
430,01/24/22 11:45:00 PM,,0.0,,,
431,01/24/22 11:50:00 PM,,0.0,,,
432,01/24/22 11:55:00 PM,,0.0,,,
433,01/25/22 12:00:00 AM,0.453,0.0,,,
434,01/25/22 12:05:00 AM,,0.0,,,
435,01/25/22 12:10:00 AM,,0.0,,,
436,01/25/22 12:15:00 AM,,0.0,,,
437,01/25/22 12:20:00 AM,,0.0,,,
438,01/25/22 12:25:00 AM,,0.0,,,
439,01/25/22 12:30:00 AM,0.232,0.0,,,
440,01/25/22 12:35:00 AM,,0.0,,,
441,01/25/22 12:40:00 AM,,0.0,,,
442,01/25/22 12:45:00 AM,,0.0,,,
443,01/25/22 12:50:00 AM,,0.0,,,
444,01/25/22 12:55:00 AM,,0.0,,,
445,01/25/22 01:00:00 AM,0.121,0.0,,,
446,01/25/22 01:05:00 AM,,0.0,,,
447,01/25/22 01:10:00 AM,,0.0,,,
448,01/25/22 01:15:00 AM,,0.0,,,
449,01/25/22 01:20:00 AM,,0.0,,,
450,01/25/22 01:25:00 AM,,0.0,,,
451,01/25/22 01:30:00 AM,0.010,0.0,,,
452,01/25/22 01:35:00 AM,,0.0,,,
453,01/25/22 01:40:00 AM,,0.0,,,
454,01/25/22 01:45:00 AM,,0.0,,,
455,01/25/22 01:50:00 AM,,0.0,,,
456,01/25/22 01:55:00 AM,,0.0,,,
457,01/25/22 02:00:00 AM,-0.213,0.0,,,
458,01/25/22 02:05:00 AM,,0.0,,,
459,01/25/22 02:10:00 AM,,0.0,,,
460,01/25/22 02:15:00 AM,,0.0,,,
461,01/25/22 02:20:00 AM,,0.0,,,
462,01/25/22 02:25:00 AM,,0.0,,,
463,01/25/22 02:30:00 AM,-0.549,0.0,,,
464,01/25/22 02:35:00 AM,,0.0,,,
465,01/25/22 02:40:00 AM,,0.0,,,
466,01/25/22 02:45:00 AM,,0.0,,,
467,01/25/22 02:50:00 AM,,0.0,,,
468,01/25/22 02:55:00 AM,,0.0,,,
469,01/25/22 03:00:00 AM,-0.887,0.0,,,
470,01/25/22 03:05:00 AM,,0.0,,,
471,01/25/22 03:10:00 AM,,0.0,,,
472,01/25/22 03:15:00 AM,,0.0,,,
473,01/25/22 03:20:00 AM,,0.0,,,
474,01/25/22 03:25:00 AM,,0.0,,,
475,01/25/22 03:30:00 AM,-0.887,0.0,,,
476,01/25/22 03:35:00 AM,,0.0,,,
477,01/25/22 03:40:00 AM,,0.0,,,
478,01/25/22 03:45:00 AM,,0.0,,,
479,01/25/22 03:50:00 AM,,0.0,,,
480,01/25/22 03:55:00 AM,,0.0,,,
481,01/25/22 04:00:00 AM,-1.114,0.0,,,
482,01/25/22 04:05:00 AM,,0.0,,,
483,01/25/22 04:10:00 AM,,0.0,,,
484,01/25/22 04:15:00 AM,,0.0,,,
485,01/25/22 04:20:00 AM,,0.0,,,
486,01/25/22 04:25:00 AM,,0.0,,,
487,01/25/22 04:30:00 AM,-1.228,0.0,,,
488,01/25/22 04:35:00 AM,,0.0,,,
489,01/25/22 04:40:00 AM,,0.0,,,
490,01/25/22 04:45:00 AM,,0.0,,,
491,01/25/22 04:50:00 AM,,0.0,,,
492,01/25/22 04:55:00 AM,,0.2,,,
493,01/25/22 05:00:00 AM,-1.114,0.0,,,
494,01/25/22 05:05:00 AM,,0.0,,,
495,01/25/22 05:10:00 AM,,0.0,,,
496,01/25/22 05:15:00 AM,,0.0,,,
497,01/25/22 05:20:00 AM,,0.0,,,
498,01/25/22 05:25:00 AM,,0.0,,,
499,01/25/22 05:30:00 AM,-1.228,0.0,,,
500,01/25/22 05:35:00 AM,,0.0,,,
501,01/25/22 05:40:00 AM,,0.0,,,
502,01/25/22 05:45:00 AM,,0.0,,,
503,01/25/22 05:50:00 AM,,0.0,,,
504,01/25/22 05:55:00 AM,,0.0,,,
505,01/25/22 06:00:00 AM,-1.228,0.0,,,
506,01/25/22 06:05:00 AM,,0.0,,,
507,01/25/22 06:10:00 AM,,0.0,,,
508,01/25/22 06:15:00 AM,,0.0,,,
509,01/25/22 06:20:00 AM,,0.0,,,
510,01/25/22 06:25:00 AM,,0.0,,,
511,01/25/22 06:30:00 AM,-1.001,0.0,,,
512,01/25/22 06:35:00 AM,,0.0,,,
513,01/25/22 06:40:00 AM,,0.0,,,
514,01/25/22 06:45:00 AM,,0.0,,,
515,01/25/22 06:50:00 AM,,0.0,,,
516,01/25/22 06:55:00 AM,,0.0,,,
517,01/25/22 07:00:00 AM,-1.228,0.0,,,
518,01/25/22 07:05:00 AM,,0.0,,,
519,01/25/22 07:10:00 AM,,0.0,,,
520,01/25/22 07:15:00 AM,,0.0,,,
521,01/25/22 07:20:00 AM,,0.0,,,
522,01/25/22 07:25:00 AM,,0.0,,,
523,01/25/22 07:30:00 AM,-1.228,0.0,,,
524,01/25/22 07:35:00 AM,,0.0,,,
525,01/25/22 07:40:00 AM,,0.0,,,
526,01/25/22 07:45:00 AM,,0.0,,,
527,01/25/22 07:50:00 AM,,0.0,,,
528,01/25/22 07:55:00 AM,,0.0,,,
529,01/25/22 08:00:00 AM,-1.456,0.0,,,
530,01/25/22 08:05:00 AM,,0.0,,,
531,01/25/22 08:10:00 AM,,0.0,,,
532,01/25/22 08:15:00 AM,,0.0,,,
533,01/25/22 08:20:00 AM,,0.0,,,
534,01/25/22 08:25:00 AM,,0.0,,,
535,01/25/22 08:30:00 AM,-1.228,0.0,,,
536,01/25/22 08:35:00 AM,,0.0,,,
537,01/25/22 08:40:00 AM,,0.0,,,
538,01/25/22 08:45:00 AM,,0.0,,,
539,01/25/22 08:50:00 AM,,0.0,,,
540,01/25/22 08:55:00 AM,,0.0,,,
541,01/25/22 09:00:00 AM,-0.887,0.0,,,
542,01/25/22 09:05:00 AM,,0.0,,,
543,01/25/22 09:10:00 AM,,0.0,,,
544,01/25/22 09:15:00 AM,,0.0,,,
545,01/25/22 09:20:00 AM,,0.0,,,
546,01/25/22 09:25:00 AM,,0.0,,,
547,01/25/22 09:30:00 AM,-0.437,0.0,,,
548,01/25/22 09:35:00 AM,,0.0,,,
549,01/25/22 09:40:00 AM,,0.0,,,
550,01/25/22 09:45:00 AM,,0.0,,,
551,01/25/22 09:50:00 AM,,0.0,,,
552,01/25/22 09:55:00 AM,,0.0,,,
553,01/25/22 10:00:00 AM,-0.213,0.0,,,
554,01/25/22 10:05:00 AM,,0.0,,,
555,01/25/22 10:10:00 AM,,0.0,,,
556,01/25/22 10:15:00 AM,,0.0,,,
557,01/25/22 10:20:00 AM,,0.0,,,
558,01/25/22 10:25:00 AM,,0.0,,,
559,01/25/22 10:30:00 AM,-0.213,0.0,,,
560,01/25/22 10:35:00 AM,,0.0,,,
561,01/25/22 10:40:00 AM,,0.0,,,
562,01/25/22 10:45:00 AM,,0.0,,,
563,01/25/22 10:50:00 AM,,0.0,,,
564,01/25/22 10:55:00 AM,,0.0,,,
565,01/25/22 11:00:00 AM,0.010,0.0,,,
566,01/25/22 11:05:00 AM,,0.0,,,
567,01/25/22 11:10:00 AM,,0.0,,,
568,01/25/22 11:15:00 AM,,0.0,,,
569,01/25/22 11:20:00 AM,,0.0,,,
570,01/25/22 11:25:00 AM,,0.0,,,
571,01/25/22 11:30:00 AM,0.343,0.0,,,
572,01/25/22 11:35:00 AM,,0.0,,,
573,01/25/22 11:40:00 AM,,0.0,,,
574,01/25/22 11:45:00 AM,,0.0,,,
575,01/25/22 11:50:00 AM,,0.0,,,
576,01/25/22 11:55:00 AM,,0.0,,,
577,01/25/22 12:00:00 PM,-0.213,0.0,,,
578,01/25/22 12:05:00 PM,,0.0,,,
579,01/25/22 12:10:00 PM,,0.0,,,
580,01/25/22 12:15:00 PM,,0.0,,,
581,01/25/22 12:20:00 PM,,0.0,,,
582,01/25/22 12:25:00 PM,,0.0,,,
583,01/25/22 12:30:00 PM,0.893,0.0,,,
584,01/25/22 12:35:00 PM,,0.0,,,
585,01/25/22 12:40:00 PM,,0.0,,,
586,01/25/22 12:45:00 PM,,0.0,,,
587,01/25/22 12:50:00 PM,,0.0,,,
588,01/25/22 12:55:00 PM,,0.0,,,
589,01/25/22 01:00:00 PM,1.980,0.0,,,
590,01/25/22 01:05:00 PM,,0.0,,,
591,01/25/22 01:10:00 PM,,0.0,,,
592,01/25/22 01:15:00 PM,,0.0,,,
593,01/25/22 01:20:00 PM,,0.0,,,
594,01/25/22 01:25:00 PM,,0.0,,,
595,01/25/22 01:30:00 PM,1.656,0.0,,,
596,01/25/22 01:35:00 PM,,0.0,,,
597,01/25/22 01:40:00 PM,,0.0,,,
598,01/25/22 01:45:00 PM,,0.0,,,
599,01/25/22 01:50:00 PM,,0.0,,,
600,01/25/22 01:55:00 PM,,0.0,,,
601,01/25/22 02:00:00 PM,1.548,0.0,,,
602,01/25/22 02:05:00 PM,,0.0,,,
603,01/25/22 02:10:00 PM,,0.0,,,
604,01/25/22 02:15:00 PM,,0.0,,,
605,01/25/22 02:20:00 PM,,0.0,,,
606,01/25/22 02:25:00 PM,,0.0,,,
607,01/25/22 02:30:00 PM,1.872,0.0,,,
608,01/25/22 02:35:00 PM,,0.0,,,
609,01/25/22 02:40:00 PM,,0.0,,,
610,01/25/22 02:45:00 PM,,0.0,,,
611,01/25/22 02:50:00 PM,,0.0,,,
612,01/25/22 02:55:00 PM,,0.0,,,
613,01/25/22 03:00:00 PM,3.683,0.0,,,
614,01/25/22 03:05:00 PM,,0.0,,,
615,01/25/22 03:10:00 PM,,0.0,,,
616,01/25/22 03:15:00 PM,,0.0,,,
617,01/25/22 03:20:00 PM,,0.0,,,
618,01/25/22 03:25:00 PM,,0.0,,,
619,01/25/22 03:30:00 PM,5.962,0.0,,,
620,01/25/22 03:35:00 PM,,0.0,,,
621,01/25/22 03:40:00 PM,,0.0,,,
622,01/25/22 03:45:00 PM,,0.0,,,
623,01/25/22 03:50:00 PM,,0.0,,,
624,01/25/22 03:55:00 PM,,0.0,,,
625,01/25/22 04:00:00 PM,2.624,0.0,,,
626,01/25/22 04:05:00 PM,,0.0,,,
627,01/25/22 04:10:00 PM,,0.0,,,
628,01/25/22 04:15:00 PM,,0.0,,,
629,01/25/22 04:20:00 PM,,0.0,,,
630,01/25/22 04:25:00 PM,,0.0,,,
631,01/25/22 04:30:00 PM,-0.213,0.0,,,
632,01/25/22 04:35:00 PM,,0.0,,,
633,01/25/22 04:40:00 PM,,0.0,,,
634,01/25/22 04:45:00 PM,,0.0,,,
635,01/25/22 04:50:00 PM,,0.0,,,
636,01/25/22 04:55:00 PM,,0.0,,,
637,01/25/22 05:00:00 PM,-0.662,0.0,,,
638,01/25/22 05:05:00 PM,,0.0,,,
639,01/25/22 05:10:00 PM,,0.0,,,
640,01/25/22 05:15:00 PM,,0.0,,,
641,01/25/22 05:20:00 PM,,0.0,,,
642,01/25/22 05:25:00 PM,,0.0,,,
643,01/25/22 05:30:00 PM,-0.102,0.0,,,
644,01/25/22 05:35:00 PM,,0.0,,,
645,01/25/22 05:40:00 PM,,0.0,,,
646,01/25/22 05:45:00 PM,,0.0,,,
647,01/25/22 05:50:00 PM,,0.0,,,
648,01/25/22 05:55:00 PM,,0.0,,,
649,01/25/22 06:00:00 PM,0.343,0.0,,,
650,01/25/22 06:05:00 PM,,0.0,,,
651,01/25/22 06:10:00 PM,,0.0,,,
652,01/25/22 06:15:00 PM,,0.0,,,
653,01/25/22 06:20:00 PM,,0.0,,,
654,01/25/22 06:25:00 PM,,0.0,,,
655,01/25/22 06:30:00 PM,0.121,0.0,,,
656,01/25/22 06:35:00 PM,,0.0,,,
657,01/25/22 06:40:00 PM,,0.0,,,
658,01/25/22 06:45:00 PM,,0.0,,,
659,01/25/22 06:50:00 PM,,0.0,,,
660,01/25/22 06:55:00 PM,,0.0,,,
661,01/25/22 07:00:00 PM,-1.114,0.0,,,
662,01/25/22 07:05:00 PM,,0.0,,,
663,01/25/22 07:10:00 PM,,0.0,,,
664,01/25/22 07:15:00 PM,,0.0,,,
665,01/25/22 07:20:00 PM,,0.0,,,
666,01/25/22 07:25:00 PM,,0.0,,,
667,01/25/22 07:30:00 PM,-1.914,0.0,,,
668,01/25/22 07:35:00 PM,,0.0,,,
669,01/25/22 07:40:00 PM,,0.0,,,
670,01/25/22 07:45:00 PM,,0.0,,,
671,01/25/22 07:50:00 PM,,0.0,,,
672,01/25/22 07:55:00 PM,,0.0,,,
673,01/25/22 08:00:00 PM,-0.213,0.0,,,
674,01/25/22 08:05:00 PM,,0.0,,,
675,01/25/22 08:10:00 PM,,0.0,,,
676,01/25/22 08:15:00 PM,,0.0,,,
677,01/25/22 08:20:00 PM,,0.0,,,
678,01/25/22 08:25:00 PM,,0.0,,,
679,01/25/22 08:30:00 PM,-2.030,0.0,,,
680,01/25/22 08:35:00 PM,,0.0,,,
681,01/25/22 08:40:00 PM,,0.0,,,
682,01/25/22 08:45:00 PM,,0.0,,,
683,01/25/22 08:50:00 PM,,0.0,,,
684,01/25/22 08:55:00 PM,,0.0,,,
685,01/25/22 09:00:00 PM,-2.844,0.0,,,
686,01/25/22 09:05:00 PM,,0.0,,,
687,01/25/22 09:10:00 PM,,0.0,,,
688,01/25/22 09:15:00 PM,,0.0,,,
689,01/25/22 09:20:00 PM,,0.0,,,
690,01/25/22 09:25:00 PM,,0.0,,,
691,01/25/22 09:30:00 PM,-2.962,0.0,,,
692,01/25/22 09:35:00 PM,,0.0,,,
693,01/25/22 09:40:00 PM,,0.0,,,
694,01/25/22 09:45:00 PM,,0.0,,,
695,01/25/22 09:50:00 PM,,0.0,,,
696,01/25/22 09:55:00 PM,,0.0,,,
697,01/25/22 10:00:00 PM,-2.962,0.0,,,
698,01/25/22 10:05:00 PM,,0.0,,,
699,01/25/22 10:10:00 PM,,0.0,,,
700,01/25/22 10:15:00 PM,,0.0,,,
701,01/25/22 10:20:00 PM,,0.0,,,
702,01/25/22 10:25:00 PM,,0.0,,,
703,01/25/22 10:30:00 PM,-2.962,0.0,,,
704,01/25/22 10:35:00 PM,,0.0,,,
705,01/25/22 10:40:00 PM,,0.0,,,
706,01/25/22 10:45:00 PM,,0.0,,,
707,01/25/22 10:50:00 PM,,0.0,,,
708,01/25/22 10:55:00 PM,,0.0,,,
709,01/25/22 11:00:00 PM,-2.962,0.0,,,
710,01/25/22 11:05:00 PM,,0.0,,,
711,01/25/22 11:10:00 PM,,0.0,,,
712,01/25/22 11:15:00 PM,,0.0,,,
713,01/25/22 11:20:00 PM,,0.0,,,
714,01/25/22 11:25:00 PM,,0.0,,,
715,01/25/22 11:30:00 PM,-2.844,0.0,,,
716,01/25/22 11:35:00 PM,,0.0,,,
717,01/25/22 11:40:00 PM,,0.0,,,
718,01/25/22 11:45:00 PM,,0.0,,,
719,01/25/22 11:50:00 PM,,0.0,,,
720,01/25/22 11:55:00 PM,,0.0,,,
721,01/26/22 12:00:00 AM,-2.727,0.0,,,
722,01/26/22 12:05:00 AM,,0.0,,,
723,01/26/22 12:10:00 AM,,0.0,,,
724,01/26/22 12:15:00 AM,,0.0,,,
725,01/26/22 12:20:00 AM,,0.0,,,
726,01/26/22 12:25:00 AM,,0.0,,,
727,01/26/22 12:30:00 AM,-2.727,0.0,,,
728,01/26/22 12:35:00 AM,,0.0,,,
729,01/26/22 12:40:00 AM,,0.0,,,
730,01/26/22 12:45:00 AM,,0.0,,,
731,01/26/22 12:50:00 AM,,0.0,,,
732,01/26/22 12:55:00 AM,,0.0,,,
733,01/26/22 01:00:00 AM,-2.844,0.0,,,
734,01/26/22 01:05:00 AM,,0.0,,,
735,01/26/22 01:10:00 AM,,0.0,,,
736,01/26/22 01:15:00 AM,,0.0,,,
737,01/26/22 01:20:00 AM,,0.0,,,
738,01/26/22 01:25:00 AM,,0.0,,,
739,01/26/22 01:30:00 AM,-3.197,0.0,,,
740,01/26/22 01:35:00 AM,,0.0,,,
741,01/26/22 01:40:00 AM,,0.0,,,
742,01/26/22 01:45:00 AM,,0.0,,,
743,01/26/22 01:50:00 AM,,0.0,,,
744,01/26/22 01:55:00 AM,,0.0,,,
745,01/26/22 02:00:00 AM,-3.079,0.0,,,
746,01/26/22 02:05:00 AM,,0.0,,,
747,01/26/22 02:10:00 AM,,0.0,,,
748,01/26/22 02:15:00 AM,,0.0,,,
749,01/26/22 02:20:00 AM,,0.0,,,
750,01/26/22 02:25:00 AM,,0.0,,,
751,01/26/22 02:30:00 AM,-3.197,0.0,,,
752,01/26/22 02:35:00 AM,,0.0,,,
753,01/26/22 02:40:00 AM,,0.0,,,
754,01/26/22 02:45:00 AM,,0.0,,,
755,01/26/22 02:50:00 AM,,0.0,,,
756,01/26/22 02:55:00 AM,,0.0,,,
757,01/26/22 03:00:00 AM,-3.079,0.0,,,
758,01/26/22 03:05:00 AM,,0.0,,,
759,01/26/22 03:10:00 AM,,0.0,,,
760,01/26/22 03:15:00 AM,,0.0,,,
761,01/26/22 03:20:00 AM,,0.0,,,
762,01/26/22 03:25:00 AM,,0.0,,,
763,01/26/22 03:30:00 AM,-2.962,0.0,,,
764,01/26/22 03:35:00 AM,,0.0,,,
765,01/26/22 03:40:00 AM,,0.0,,,
766,01/26/22 03:45:00 AM,,0.0,,,
767,01/26/22 03:50:00 AM,,0.0,,,
768,01/26/22 03:55:00 AM,,0.0,,,
769,01/26/22 04:00:00 AM,-3.197,0.0,,,
770,01/26/22 04:05:00 AM,,0.0,,,
771,01/26/22 04:10:00 AM,,0.0,,,
772,01/26/22 04:15:00 AM,,0.0,,,
773,01/26/22 04:20:00 AM,,0.0,,,
774,01/26/22 04:25:00 AM,,0.0,,,
775,01/26/22 04:30:00 AM,-3.672,0.0,,,
776,01/26/22 04:35:00 AM,,0.0,,,
777,01/26/22 04:40:00 AM,,0.0,,,
778,01/26/22 04:45:00 AM,,0.0,,,
779,01/26/22 04:50:00 AM,,0.0,,,
780,01/26/22 04:55:00 AM,,0.0,,,
781,01/26/22 05:00:00 AM,-3.197,0.0,,,
782,01/26/22 05:05:00 AM,,0.0,,,
783,01/26/22 05:10:00 AM,,0.0,,,
784,01/26/22 05:15:00 AM,,0.0,,,
785,01/26/22 05:20:00 AM,,0.0,,,
786,01/26/22 05:25:00 AM,,0.0,,,
787,01/26/22 05:30:00 AM,-2.962,0.0,,,
788,01/26/22 05:35:00 AM,,0.0,,,
789,01/26/22 05:40:00 AM,,0.0,,,
790,01/26/22 05:45:00 AM,,0.0,,,
791,01/26/22 05:50:00 AM,,0.0,,,
792,01/26/22 05:55:00 AM,,0.0,,,
793,01/26/22 06:00:00 AM,-2.727,0.0,,,
794,01/26/22 06:05:00 AM,,0.0,,,
795,01/26/22 06:10:00 AM,,0.0,,,
796,01/26/22 06:15:00 AM,,0.0,,,
797,01/26/22 06:20:00 AM,,0.0,,,
798,01/26/22 06:25:00 AM,,0.0,,,
799,01/26/22 06:30:00 AM,-2.727,0.0,,,
800,01/26/22 06:35:00 AM,,0.0,,,
801,01/26/22 06:40:00 AM,,0.0,,,
802,01/26/22 06:45:00 AM,,0.0,,,
803,01/26/22 06:50:00 AM,,0.0,,,
804,01/26/22 06:55:00 AM,,0.0,,,
805,01/26/22 07:00:00 AM,-2.610,0.0,,,
806,01/26/22 07:05:00 AM,,0.0,,,
807,01/26/22 07:10:00 AM,,0.0,,,
808,01/26/22 07:15:00 AM,,0.0,,,
809,01/26/22 07:20:00 AM,,0.0,,,
810,01/26/22 07:25:00 AM,,0.0,,,
811,01/26/22 07:30:00 AM,-2.377,0.0,,,
812,01/26/22 07:35:00 AM,,0.0,,,
813,01/26/22 07:40:00 AM,,0.0,,,
814,01/26/22 07:45:00 AM,,0.0,,,
815,01/26/22 07:50:00 AM,,0.0,,,
816,01/26/22 07:55:00 AM,,0.0,,,
817,01/26/22 08:00:00 AM,-2.145,0.0,,,
818,01/26/22 08:05:00 AM,,0.0,,,
819,01/26/22 08:10:00 AM,,0.0,,,
820,01/26/22 08:15:00 AM,,0.0,,,
821,01/26/22 08:20:00 AM,,0.0,,,
822,01/26/22 08:25:00 AM,,0.0,,,
823,01/26/22 08:30:00 AM,-2.145,0.0,,,
824,01/26/22 08:35:00 AM,,0.0,,,
825,01/26/22 08:40:00 AM,,0.0,,,
826,01/26/22 08:45:00 AM,,0.0,,,
827,01/26/22 08:50:00 AM,,0.0,,,
828,01/26/22 08:55:00 AM,,0.0,,,
829,01/26/22 09:00:00 AM,-2.030,0.0,,,
830,01/26/22 09:05:00 AM,,0.0,,,
831,01/26/22 09:10:00 AM,,0.0,,,
832,01/26/22 09:15:00 AM,,0.0,,,
833,01/26/22 09:20:00 AM,,0.0,,,
834,01/26/22 09:25:00 AM,,0.0,,,
835,01/26/22 09:30:00 AM,-2.030,0.0,,,
836,01/26/22 09:35:00 AM,,0.0,,,
837,01/26/22 09:40:00 AM,,0.0,,,
838,01/26/22 09:45:00 AM,,0.0,,,
839,01/26/22 09:50:00 AM,,0.0,,,
840,01/26/22 09:55:00 AM,,0.0,,,
841,01/26/22 10:00:00 AM,-2.030,0.0,,,
842,01/26/22 10:05:00 AM,,0.0,,,
843,01/26/22 10:10:00 AM,,0.0,,,
844,01/26/22 10:15:00 AM,,0.0,,,
845,01/26/22 10:20:00 AM,,0.0,,,
846,01/26/22 10:25:00 AM,,0.0,,,
847,01/26/22 10:30:00 AM,-1.914,0.0,,,
848,01/26/22 10:35:00 AM,,0.0,,,
849,01/26/22 10:40:00 AM,,0.0,,,
850,01/26/22 10:45:00 AM,,0.0,,,
851,01/26/22 10:50:00 AM,,0.0,,,
852,01/26/22 10:55:00 AM,,0.0,,,
853,01/26/22 11:00:00 AM,-1.799,0.0,,,
854,01/26/22 11:05:00 AM,,0.0,,,
855,01/26/22 11:10:00 AM,,0.0,,,
856,01/26/22 11:15:00 AM,,0.0,,,
857,01/26/22 11:20:00 AM,,0.0,,,
858,01/26/22 11:25:00 AM,,0.0,,,
859,01/26/22 11:30:00 AM,-1.914,0.0,,,
860,01/26/22 11:35:00 AM,,0.0,,,
861,01/26/22 11:40:00 AM,,0.0,,,
862,01/26/22 11:45:00 AM,,0.0,,,
863,01/26/22 11:50:00 AM,,0.0,,,
864,01/26/22 11:55:00 AM,,0.0,,,
865,01/26/22 12:00:00 PM,-1.684,0.0,,,
866,01/26/22 12:05:00 PM,,0.0,,,
867,01/26/22 12:10:00 PM,,0.0,,,
868,01/26/22 12:15:00 PM,,0.0,,,
869,01/26/22 12:20:00 PM,,0.0,,,
870,01/26/22 12:25:00 PM,,0.0,,,
871,01/26/22 12:30:00 PM,-1.684,0.0,,,
872,01/26/22 12:35:00 PM,,0.0,,,
873,01/26/22 12:40:00 PM,,0.0,,,
874,01/26/22 12:45:00 PM,,0.0,,,
875,01/26/22 12:50:00 PM,,0.0,,,
876,01/26/22 12:55:00 PM,,0.0,,,
877,01/26/22 01:00:00 PM,-1.684,0.0,,,
878,01/26/22 01:05:00 PM,,0.0,,,
879,01/26/22 01:10:00 PM,,0.0,,,
880,01/26/22 01:15:00 PM,,0.0,,,
881,01/26/22 01:20:00 PM,,0.0,,,
882,01/26/22 01:25:00 PM,,0.0,,,
883,01/26/22 01:30:00 PM,-1.570,0.0,,,
884,01/26/22 01:35:00 PM,,0.0,,,
885,01/26/22 01:40:00 PM,,0.0,,,
886,01/26/22 01:45:00 PM,,0.0,,,
887,01/26/22 01:50:00 PM,,0.0,,,
888,01/26/22 01:55:00 PM,,0.0,,,
889,01/26/22 02:00:00 PM,-1.570,0.0,,,
890,01/26/22 02:05:00 PM,,0.0,,,
891,01/26/22 02:10:00 PM,,0.0,,,
892,01/26/22 02:15:00 PM,,0.0,,,
893,01/26/22 02:20:00 PM,,0.0,,,
894,01/26/22 02:25:00 PM,,0.0,,,
895,01/26/22 02:30:00 PM,-1.570,0.0,,,
896,01/26/22 02:35:00 PM,,0.0,,,
897,01/26/22 02:40:00 PM,,0.0,,,
898,01/26/22 02:45:00 PM,,0.0,,,
899,01/26/22 02:50:00 PM,,0.0,,,
900,01/26/22 02:55:00 PM,,0.0,,,
901,01/26/22 03:00:00 PM,-1.570,0.0,,,
902,01/26/22 03:05:00 PM,,0.0,,,
903,01/26/22 03:10:00 PM,,0.0,,,
904,01/26/22 03:15:00 PM,,0.0,,,
905,01/26/22 03:20:00 PM,,0.0,,,
906,01/26/22 03:25:00 PM,,0.0,,,
907,01/26/22 03:30:00 PM,-1.684,0.0,,,
908,01/26/22 03:35:00 PM,,0.0,,,
909,01/26/22 03:40:00 PM,,0.0,,,
910,01/26/22 03:45:00 PM,,0.0,,,
911,01/26/22 03:50:00 PM,,0.0,,,
912,01/26/22 03:55:00 PM,,0.0,,,
913,01/26/22 04:00:00 PM,-1.684,0.0,,,
914,01/26/22 04:05:00 PM,,0.0,,,
915,01/26/22 04:10:00 PM,,0.0,,,
916,01/26/22 04:15:00 PM,,0.0,,,
917,01/26/22 04:20:00 PM,,0.0,,,
918,01/26/22 04:25:00 PM,,0.0,,,
919,01/26/22 04:30:00 PM,-1.799,0.0,,,
920,01/26/22 04:35:00 PM,,0.0,,,
921,01/26/22 04:40:00 PM,,0.0,,,
922,01/26/22 04:45:00 PM,,0.0,,,
923,01/26/22 04:50:00 PM,,0.0,,,
924,01/26/22 04:55:00 PM,,0.0,,,
925,01/26/22 05:00:00 PM,-1.914,0.0,,,
926,01/26/22 05:05:00 PM,,0.0,,,
927,01/26/22 05:10:00 PM,,0.0,,,
928,01/26/22 05:15:00 PM,,0.0,,,
929,01/26/22 05:20:00 PM,,0.0,,,
930,01/26/22 05:25:00 PM,,0.0,,,
931,01/26/22 05:30:00 PM,-1.914,0.0,,,
932,01/26/22 05:35:00 PM,,0.0,,,
933,01/26/22 05:40:00 PM,,0.0,,,
934,01/26/22 05:45:00 PM,,0.0,,,
935,01/26/22 05:50:00 PM,,0.0,,,
936,01/26/22 05:55:00 PM,,0.0,,,
937,01/26/22 06:00:00 PM,-1.914,0.0,,,
938,01/26/22 06:05:00 PM,,0.0,,,
939,01/26/22 06:10:00 PM,,0.0,,,
940,01/26/22 06:15:00 PM,,0.0,,,
941,01/26/22 06:20:00 PM,,0.0,,,
942,01/26/22 06:25:00 PM,,0.0,,,
943,01/26/22 06:30:00 PM,-2.030,0.0,,,
944,01/26/22 06:35:00 PM,,0.0,,,
945,01/26/22 06:40:00 PM,,0.0,,,
946,01/26/22 06:45:00 PM,,0.0,,,
947,01/26/22 06:50:00 PM,,0.0,,,
948,01/26/22 06:55:00 PM,,0.0,,,
949,01/26/22 07:00:00 PM,-2.030,0.0,,,
950,01/26/22 07:05:00 PM,,0.0,,,
951,01/26/22 07:10:00 PM,,0.0,,,
952,01/26/22 07:15:00 PM,,0.0,,,
953,01/26/22 07:20:00 PM,,0.0,,,
954,01/26/22 07:25:00 PM,,0.0,,,
955,01/26/22 07:30:00 PM,-2.145,0.0,,,
956,01/26/22 07:35:00 PM,,0.0,,,
957,01/26/22 07:40:00 PM,,0.0,,,
958,01/26/22 07:45:00 PM,,0.0,,,
959,01/26/22 07:50:00 PM,,0.0,,,
960,01/26/22 07:55:00 PM,,0.0,,,
961,01/26/22 08:00:00 PM,-2.030,0.0,,,
962,01/26/22 08:05:00 PM,,0.0,,,
963,01/26/22 08:10:00 PM,,0.0,,,
964,01/26/22 08:15:00 PM,,0.0,,,
965,01/26/22 08:20:00 PM,,0.0,,,
966,01/26/22 08:25:00 PM,,0.0,,,
967,01/26/22 08:30:00 PM,-2.030,0.0,,,
968,01/26/22 08:35:00 PM,,0.0,,,
969,01/26/22 08:40:00 PM,,0.0,,,
970,01/26/22 08:45:00 PM,,0.0,,,
971,01/26/22 08:50:00 PM,,0.0,,,
972,01/26/22 08:55:00 PM,,0.0,,,
973,01/26/22 09:00:00 PM,-2.145,0.0,,,
974,01/26/22 09:05:00 PM,,0.0,,,
975,01/26/22 09:10:00 PM,,0.0,,,
976,01/26/22 09:15:00 PM,,0.0,,,
977,01/26/22 09:20:00 PM,,0.0,,,
978,01/26/22 09:25:00 PM,,0.0,,,
979,01/26/22 09:30:00 PM,-2.145,0.0,,,
980,01/26/22 09:35:00 PM,,0.0,,,
981,01/26/22 09:40:00 PM,,0.0,,,
982,01/26/22 09:45:00 PM,,0.0,,,
983,01/26/22 09:50:00 PM,,0.0,,,
984,01/26/22 09:55:00 PM,,0.0,,,
985,01/26/22 10:00:00 PM,-2.261,0.0,,,
986,01/26/22 10:05:00 PM,,0.0,,,
987,01/26/22 10:10:00 PM,,0.0,,,
988,01/26/22 10:15:00 PM,,0.0,,,
989,01/26/22 10:20:00 PM,,0.0,,,
990,01/26/22 10:25:00 PM,,0.0,,,
991,01/26/22 10:30:00 PM,-2.261,0.0,,,
992,01/26/22 10:35:00 PM,,0.0,,,
993,01/26/22 10:40:00 PM,,0.0,,,
994,01/26/22 10:45:00 PM,,0.0,,,
995,01/26/22 10:50:00 PM,,0.0,,,
996,01/26/22 10:55:00 PM,,0.0,,,
997,01/26/22 11:00:00 PM,-2.377,0.0,,,
998,01/26/22 11:05:00 PM,,0.0,,,
999,01/26/22 11:10:00 PM,,0.0,,,
1000,01/26/22 11:15:00 PM,,0.0,,,
1001,01/26/22 11:20:00 PM,,0.0,,,
1002,01/26/22 11:25:00 PM,,0.0,,,
1003,01/26/22 11:30:00 PM,-2.377,0.0,,,
1004,01/26/22 11:35:00 PM,,0.0,,,
1005,01/26/22 11:40:00 PM,,0.0,,,
1006,01/26/22 11:45:00 PM,,0.0,,,
1007,01/26/22 11:50:00 PM,,0.0,,,
1008,01/26/22 11:55:00 PM,,0.0,,,
1009,01/27/22 12:00:00 AM,-2.377,0.0,,,
1010,01/27/22 12:05:00 AM,,0.0,,,
1011,01/27/22 12:10:00 AM,,0.0,,,
1012,01/27/22 12:15:00 AM,,0.0,,,
1013,01/27/22 12:20:00 AM,,0.0,,,
1014,01/27/22 12:25:00 AM,,0.0,,,
1015,01/27/22 12:30:00 AM,-2.261,0.0,,,
1016,01/27/22 12:35:00 AM,,0.0,,,
1017,01/27/22 12:40:00 AM,,0.0,,,
1018,01/27/22 12:45:00 AM,,0.0,,,
1019,01/27/22 12:50:00 AM,,0.0,,,
1020,01/27/22 12:55:00 AM,,0.0,,,
1021,01/27/22 01:00:00 AM,-2.261,0.0,,,
1022,01/27/22 01:05:00 AM,,0.0,,,
1023,01/27/22 01:10:00 AM,,0.0,,,
1024,01/27/22 01:15:00 AM,,0.0,,,
1025,01/27/22 01:20:00 AM,,0.0,,,
1026,01/27/22 01:25:00 AM,,0.0,,,
1027,01/27/22 01:30:00 AM,-2.377,0.0,,,
1028,01/27/22 01:35:00 AM,,0.0,,,
1029,01/27/22 01:40:00 AM,,0.0,,,
1030,01/27/22 01:45:00 AM,,0.0,,,
1031,01/27/22 01:50:00 AM,,0.0,,,
1032,01/27/22 01:55:00 AM,,0.0,,,
1033,01/27/22 02:00:00 AM,-2.494,0.0,,,
1034,01/27/22 02:05:00 AM,,0.0,,,
1035,01/27/22 02:10:00 AM,,0.0,,,
1036,01/27/22 02:15:00 AM,,0.0,,,
1037,01/27/22 02:20:00 AM,,0.0,,,
1038,01/27/22 02:25:00 AM,,0.0,,,
1039,01/27/22 02:30:00 AM,-2.494,0.0,,,
1040,01/27/22 02:35:00 AM,,0.0,,,
1041,01/27/22 02:40:00 AM,,0.0,,,
1042,01/27/22 02:45:00 AM,,0.0,,,
1043,01/27/22 02:50:00 AM,,0.0,,,
1044,01/27/22 02:55:00 AM,,0.0,,,
1045,01/27/22 03:00:00 AM,-2.610,0.0,,,
1046,01/27/22 03:05:00 AM,,0.0,,,
1047,01/27/22 03:10:00 AM,,0.0,,,
1048,01/27/22 03:15:00 AM,,0.0,,,
1049,01/27/22 03:20:00 AM,,0.0,,,
1050,01/27/22 03:25:00 AM,,0.0,,,
1051,01/27/22 03:30:00 AM,-2.844,0.0,,,
1052,01/27/22 03:35:00 AM,,0.0,,,
1053,01/27/22 03:40:00 AM,,0.0,,,
1054,01/27/22 03:45:00 AM,,0.0,,,
1055,01/27/22 03:50:00 AM,,0.0,,,
1056,01/27/22 03:55:00 AM,,0.0,,,
1057,01/27/22 04:00:00 AM,-2.962,0.0,,,
1058,01/27/22 04:05:00 AM,,0.0,,,
1059,01/27/22 04:10:00 AM,,0.0,,,
1060,01/27/22 04:15:00 AM,,0.0,,,
1061,01/27/22 04:20:00 AM,,0.0,,,
1062,01/27/22 04:25:00 AM,,0.0,,,
1063,01/27/22 04:30:00 AM,-2.962,0.0,,,
1064,01/27/22 04:35:00 AM,,0.0,,,
1065,01/27/22 04:40:00 AM,,0.0,,,
1066,01/27/22 04:45:00 AM,,0.0,,,
1067,01/27/22 04:50:00 AM,,0.0,,,
1068,01/27/22 04:55:00 AM,,0.0,,,
1069,01/27/22 05:00:00 AM,-2.962,0.0,,,
1070,01/27/22 05:05:00 AM,,0.0,,,
1071,01/27/22 05:10:00 AM,,0.0,,,
1072,01/27/22 05:15:00 AM,,0.0,,,
1073,01/27/22 05:20:00 AM,,0.0,,,
1074,01/27/22 05:25:00 AM,,0.0,,,
1075,01/27/22 05:30:00 AM,-3.079,0.0,,,
1076,01/27/22 05:35:00 AM,,0.0,,,
1077,01/27/22 05:40:00 AM,,0.0,,,
1078,01/27/22 05:45:00 AM,,0.0,,,
1079,01/27/22 05:50:00 AM,,0.0,,,
1080,01/27/22 05:55:00 AM,,0.0,,,
1081,01/27/22 06:00:00 AM,-3.079,0.0,,,
1082,01/27/22 06:05:00 AM,,0.0,,,
1083,01/27/22 06:10:00 AM,,0.0,,,
1084,01/27/22 06:15:00 AM,,0.0,,,
1085,01/27/22 06:20:00 AM,,0.0,,,
1086,01/27/22 06:25:00 AM,,0.0,,,
1087,01/27/22 06:30:00 AM,-3.079,0.0,,,
1088,01/27/22 06:35:00 AM,,0.0,,,
1089,01/27/22 06:40:00 AM,,0.0,,,
1090,01/27/22 06:45:00 AM,,0.0,,,
1091,01/27/22 06:50:00 AM,,0.0,,,
1092,01/27/22 06:55:00 AM,,0.0,,,
1093,01/27/22 07:00:00 AM,-3.079,0.0,,,
1094,01/27/22 07:05:00 AM,,0.0,,,
1095,01/27/22 07:10:00 AM,,0.0,,,
1096,01/27/22 07:15:00 AM,,0.0,,,
1097,01/27/22 07:20:00 AM,,0.0,,,
1098,01/27/22 07:25:00 AM,,0.0,,,
1099,01/27/22 07:30:00 AM,-3.316,0.0,,,
1100,01/27/22 07:35:00 AM,,0.0,,,
1101,01/27/22 07:40:00 AM,,0.0,,,
1102,01/27/22 07:45:00 AM,,0.0,,,
1103,01/27/22 07:50:00 AM,,0.0,,,
1104,01/27/22 07:55:00 AM,,0.0,,,
1105,01/27/22 08:00:00 AM,-3.316,0.0,,,
1106,01/27/22 08:05:00 AM,,0.0,,,
1107,01/27/22 08:10:00 AM,,0.0,,,
1108,01/27/22 08:15:00 AM,,0.0,,,
1109,01/27/22 08:20:00 AM,,0.0,,,
1110,01/27/22 08:25:00 AM,,0.0,,,
1111,01/27/22 08:30:00 AM,-3.197,0.0,,,
1112,01/27/22 08:35:00 AM,,0.0,,,
1113,01/27/22 08:40:00 AM,,0.0,,,
1114,01/27/22 08:45:00 AM,,0.0,,,
1115,01/27/22 08:50:00 AM,,0.0,,,
1116,01/27/22 08:55:00 AM,,0.0,,,
1117,01/27/22 09:00:00 AM,-3.079,0.0,,,
1118,01/27/22 09:05:00 AM,,0.0,,,
1119,01/27/22 09:10:00 AM,,0.0,,,
1120,01/27/22 09:15:00 AM,,0.0,,,
1121,01/27/22 09:20:00 AM,,0.0,,,
1122,01/27/22 09:25:00 AM,,0.0,,,
1123,01/27/22 09:30:00 AM,-1.570,0.0,,,
1124,01/27/22 09:35:00 AM,,0.0,,,
1125,01/27/22 09:40:00 AM,,0.0,,,
1126,01/27/22 09:45:00 AM,,0.0,,,
1127,01/27/22 09:50:00 AM,,0.0,,,
1128,01/27/22 09:55:00 AM,,0.0,,,
1129,01/27/22 10:00:00 AM,-0.213,0.0,,,
1130,01/27/22 10:05:00 AM,,0.0,,,
1131,01/27/22 10:10:00 AM,,0.0,,,
1132,01/27/22 10:15:00 AM,,0.0,,,
1133,01/27/22 10:20:00 AM,,0.0,,,
1134,01/27/22 10:25:00 AM,,0.0,,,
1135,01/27/22 10:30:00 AM,0.232,0.0,,,
1136,01/27/22 10:35:00 AM,,0.0,,,
1137,01/27/22 10:40:00 AM,,0.0,,,
1138,01/27/22 10:45:00 AM,,0.0,,,
1139,01/27/22 10:50:00 AM,,0.0,,,
1140,01/27/22 10:55:00 AM,,0.0,,,
1141,01/27/22 11:00:00 AM,0.563,0.0,,,
1142,01/27/22 11:05:00 AM,,0.0,,,
1143,01/27/22 11:10:00 AM,,0.0,,,
1144,01/27/22 11:15:00 AM,,0.2,,,
1145,01/27/22 11:20:00 AM,,0.0,,,
1146,01/27/22 11:25:00 AM,,0.0,,,
1147,01/27/22 11:30:00 AM,0.784,0.0,,,
1148,01/27/22 11:35:00 AM,,0.0,,,
1149,01/27/22 11:40:00 AM,,0.0,,,
1150,01/27/22 11:45:00 AM,,0.0,,,
1151,01/27/22 11:50:00 AM,,0.0,,,
1152,01/27/22 11:55:00 AM,,0.0,,,
1153,01/27/22 12:00:00 PM,1.221,0.0,,,
1154,01/27/22 12:05:00 PM,,0.0,,,
1155,01/27/22 12:10:00 PM,,0.0,,,
1156,01/27/22 12:15:00 PM,,0.0,,,
1157,01/27/22 12:20:00 PM,,0.0,,,
1158,01/27/22 12:25:00 PM,,0.0,,,
1159,01/27/22 12:30:00 PM,1.439,0.0,,,
1160,01/27/22 12:35:00 PM,,0.0,,,
1161,01/27/22 12:40:00 PM,,0.0,,,
1162,01/27/22 12:45:00 PM,,0.0,,,
1163,01/27/22 12:50:00 PM,,0.0,,,
1164,01/27/22 12:55:00 PM,,0.0,,,
1165,01/27/22 01:00:00 PM,2.088,0.0,,,
1166,01/27/22 01:05:00 PM,,0.0,,,
1167,01/27/22 01:10:00 PM,,0.0,,,
1168,01/27/22 01:15:00 PM,,0.0,,,
1169,01/27/22 01:20:00 PM,,0.0,,,
1170,01/27/22 01:25:00 PM,,0.0,,,
1171,01/27/22 01:30:00 PM,2.410,0.0,,,
1172,01/27/22 01:35:00 PM,,0.0,,,
1173,01/27/22 01:40:00 PM,,0.0,,,
1174,01/27/22 01:45:00 PM,,0.0,,,
1175,01/27/22 01:50:00 PM,,0.0,,,
1176,01/27/22 01:55:00 PM,,0.0,,,
1177,01/27/22 02:00:00 PM,2.410,0.0,,,
1178,01/27/22 02:05:00 PM,,0.0,,,
1179,01/27/22 02:10:00 PM,,0.0,,,
1180,01/27/22 02:15:00 PM,,0.0,,,
1181,01/27/22 02:20:00 PM,,0.0,,,
1182,01/27/22 02:25:00 PM,,0.0,,,
1183,01/27/22 02:30:00 PM,2.517,0.0,,,
1184,01/27/22 02:35:00 PM,,0.2,,,
1185,01/27/22 02:40:00 PM,,0.0,,,
1186,01/27/22 02:45:00 PM,,0.0,,,
1187,01/27/22 02:50:00 PM,,0.0,,,
1188,01/27/22 02:55:00 PM,,0.0,,,
1189,01/27/22 03:00:00 PM,2.837,0.0,,,
1190,01/27/22 03:05:00 PM,,0.0,,,
1191,01/27/22 03:10:00 PM,,0.0,,,
1192,01/27/22 03:15:00 PM,,0.0,,,
1193,01/27/22 03:20:00 PM,,0.0,,,
1194,01/27/22 03:25:00 PM,,0.0,,,
1195,01/27/22 03:30:00 PM,2.837,0.0,,,
1196,01/27/22 03:35:00 PM,,0.0,,,
1197,01/27/22 03:40:00 PM,,0.0,,,
1198,01/27/22 03:45:00 PM,,0.0,,,
1199,01/27/22 03:50:00 PM,,0.0,,,
1200,01/27/22 03:55:00 PM,,0.0,,,
1201,01/27/22 04:00:00 PM,2.624,0.0,,,
1202,01/27/22 04:05:00 PM,,0.0,,,
1203,01/27/22 04:10:00 PM,,0.0,,,
1204,01/27/22 04:15:00 PM,,0.0,,,
1205,01/27/22 04:20:00 PM,,0.0,,,
1206,01/27/22 04:25:00 PM,,0.0,,,
1207,01/27/22 04:30:00 PM,2.410,0.0,,,
1208,01/27/22 04:35:00 PM,,0.0,,,
1209,01/27/22 04:40:00 PM,,0.0,,,
1210,01/27/22 04:45:00 PM,,0.0,,,
1211,01/27/22 04:50:00 PM,,0.0,,,
1212,01/27/22 04:55:00 PM,,0.0,,,
1213,01/27/22 05:00:00 PM,2.195,0.0,,,
1214,01/27/22 05:05:00 PM,,0.0,,,
1215,01/27/22 05:10:00 PM,,0.0,,,
1216,01/27/22 05:15:00 PM,,0.0,,,
1217,01/27/22 05:20:00 PM,,0.0,,,
1218,01/27/22 05:25:00 PM,,0.0,,,
1219,01/27/22 05:30:00 PM,2.195,0.0,,,
1220,01/27/22 05:35:00 PM,,0.0,,,
1221,01/27/22 05:40:00 PM,,0.0,,,
1222,01/27/22 05:45:00 PM,,0.0,,,
1223,01/27/22 05:50:00 PM,,0.0,,,
1224,01/27/22 05:55:00 PM,,0.0,,,
1225,01/27/22 06:00:00 PM,2.410,0.0,,,
1226,01/27/22 06:05:00 PM,,0.0,,,
1227,01/27/22 06:10:00 PM,,0.0,,,
1228,01/27/22 06:15:00 PM,,0.0,,,
1229,01/27/22 06:20:00 PM,,0.0,,,
1230,01/27/22 06:25:00 PM,,0.0,,,
1231,01/27/22 06:30:00 PM,2.195,0.2,,,
1232,01/27/22 06:35:00 PM,,0.0,,,
1233,01/27/22 06:40:00 PM,,0.0,,,
1234,01/27/22 06:45:00 PM,,0.0,,,
1235,01/27/22 06:50:00 PM,,0.0,,,
1236,01/27/22 06:55:00 PM,,0.0,,,
1237,01/27/22 07:00:00 PM,2.088,0.0,,,
1238,01/27/22 07:05:00 PM,,0.2,,,
1239,01/27/22 07:10:00 PM,,0.0,,,
1240,01/27/22 07:15:00 PM,,0.0,,,
1241,01/27/22 07:20:00 PM,,0.0,,,
1242,01/27/22 07:25:00 PM,,0.0,,,
1243,01/27/22 07:30:00 PM,2.088,0.0,,,
1244,01/27/22 07:35:00 PM,,0.0,,,
1245,01/27/22 07:40:00 PM,,0.2,,,
1246,01/27/22 07:45:00 PM,,0.0,,,
1247,01/27/22 07:50:00 PM,,0.0,,,
1248,01/27/22 07:55:00 PM,,0.2,,,
1249,01/27/22 08:00:00 PM,2.088,0.0,,,
1250,01/27/22 08:05:00 PM,,0.0,,,
1251,01/27/22 08:10:00 PM,,0.2,,,
1252,01/27/22 08:15:00 PM,,0.0,,,
1253,01/27/22 08:20:00 PM,,0.0,,,
1254,01/27/22 08:25:00 PM,,0.2,,,
1255,01/27/22 08:30:00 PM,1.980,0.0,,,
1256,01/27/22 08:35:00 PM,,0.0,,,
1257,01/27/22 08:40:00 PM,,0.0,,,
1258,01/27/22 08:45:00 PM,,0.2,,,
1259,01/27/22 08:50:00 PM,,0.0,,,
1260,01/27/22 08:55:00 PM,,0.2,,,
1261,01/27/22 09:00:00 PM,2.088,0.0,,,
1262,01/27/22 09:05:00 PM,,0.0,,,
1263,01/27/22 09:10:00 PM,,0.0,,,
1264,01/27/22 09:15:00 PM,,0.2,,,
1265,01/27/22 09:20:00 PM,,0.0,,,
1266,01/27/22 09:25:00 PM,,0.0,,,
1267,01/27/22 09:30:00 PM,2.195,0.0,,,
1268,01/27/22 09:35:00 PM,,0.0,,,
1269,01/27/22 09:40:00 PM,,0.0,,,
1270,01/27/22 09:45:00 PM,,0.0,,,
1271,01/27/22 09:50:00 PM,,0.0,,,
1272,01/27/22 09:55:00 PM,,0.0,,,
1273,01/27/22 10:00:00 PM,2.303,0.0,,,
1274,01/27/22 10:05:00 PM,,0.0,,,
1275,01/27/22 10:10:00 PM,,0.0,,,
1276,01/27/22 10:15:00 PM,,0.0,,,
1277,01/27/22 10:20:00 PM,,0.0,,,
1278,01/27/22 10:25:00 PM,,0.0,,,
1279,01/27/22 10:30:00 PM,2.517,0.0,,,
1280,01/27/22 10:35:00 PM,,0.0,,,
1281,01/27/22 10:40:00 PM,,0.0,,,
1282,01/27/22 10:45:00 PM,,0.0,,,
1283,01/27/22 10:50:00 PM,,0.0,,,
1284,01/27/22 10:55:00 PM,,0.0,,,
1285,01/27/22 11:00:00 PM,2.410,0.0,,,
1286,01/27/22 11:05:00 PM,,0.0,,,
1287,01/27/22 11:10:00 PM,,0.0,,,
1288,01/27/22 11:15:00 PM,,0.0,,,
1289,01/27/22 11:20:00 PM,,0.0,,,
1290,01/27/22 11:25:00 PM,,0.0,,,
1291,01/27/22 11:30:00 PM,2.195,0.0,,,
1292,01/27/22 11:35:00 PM,,0.0,,,
1293,01/27/22 11:40:00 PM,,0.0,,,
1294,01/27/22 11:45:00 PM,,0.0,,,
1295,01/27/22 11:50:00 PM,,0.0,,,
1296,01/27/22 11:55:00 PM,,0.0,,,
1297,01/28/22 12:00:00 AM,2.088,0.0,,,
1298,01/28/22 12:05:00 AM,,0.0,,,
1299,01/28/22 12:10:00 AM,,0.0,,,
1300,01/28/22 12:15:00 AM,,0.0,,,
1301,01/28/22 12:20:00 AM,,0.0,,,
1302,01/28/22 12:25:00 AM,,0.0,,,
1303,01/28/22 12:30:00 AM,1.980,0.0,,,
1304,01/28/22 12:35:00 AM,,0.0,,,
1305,01/28/22 12:40:00 AM,,0.0,,,
1306,01/28/22 12:45:00 AM,,0.0,,,
1307,01/28/22 12:50:00 AM,,0.0,,,
1308,01/28/22 12:55:00 AM,,0.0,,,
1309,01/28/22 01:00:00 AM,1.872,0.0,,,
1310,01/28/22 01:05:00 AM,,0.0,,,
1311,01/28/22 01:10:00 AM,,0.0,,,
1312,01/28/22 01:15:00 AM,,0.0,,,
1313,01/28/22 01:20:00 AM,,0.0,,,
1314,01/28/22 01:25:00 AM,,0.0,,,
1315,01/28/22 01:30:00 AM,1.872,0.0,,,
1316,01/28/22 01:35:00 AM,,0.0,,,
1317,01/28/22 01:40:00 AM,,0.0,,,
1318,01/28/22 01:45:00 AM,,0.0,,,
1319,01/28/22 01:50:00 AM,,0.0,,,
1320,01/28/22 01:55:00 AM,,0.0,,,
1321,01/28/22 02:00:00 AM,1.872,0.0,,,
1322,01/28/22 02:05:00 AM,,0.0,,,
1323,01/28/22 02:10:00 AM,,0.0,,,
1324,01/28/22 02:15:00 AM,,0.0,,,
1325,01/28/22 02:20:00 AM,,0.0,,,
1326,01/28/22 02:25:00 AM,,0.0,,,
1327,01/28/22 02:30:00 AM,1.980,0.0,,,
1328,01/28/22 02:35:00 AM,,0.0,,,
1329,01/28/22 02:40:00 AM,,0.0,,,
1330,01/28/22 02:45:00 AM,,0.0,,,
1331,01/28/22 02:50:00 AM,,0.0,,,
1332,01/28/22 02:55:00 AM,,0.0,,,
1333,01/28/22 03:00:00 AM,2.195,0.0,,,
1334,01/28/22 03:05:00 AM,,0.0,,,
1335,01/28/22 03:10:00 AM,,0.0,,,
1336,01/28/22 03:15:00 AM,,0.0,,,
1337,01/28/22 03:20:00 AM,,0.0,,,
1338,01/28/22 03:25:00 AM,,0.0,,,
1339,01/28/22 03:30:00 AM,2.088,0.0,,,
1340,01/28/22 03:35:00 AM,,0.0,,,
1341,01/28/22 03:40:00 AM,,0.0,,,
1342,01/28/22 03:45:00 AM,,0.0,,,
1343,01/28/22 03:50:00 AM,,0.0,,,
1344,01/28/22 03:55:00 AM,,0.0,,,
1345,01/28/22 04:00:00 AM,1.980,0.0,,,
1346,01/28/22 04:05:00 AM,,0.0,,,
1347,01/28/22 04:10:00 AM,,0.0,,,
1348,01/28/22 04:15:00 AM,,0.0,,,
1349,01/28/22 04:20:00 AM,,0.0,,,
1350,01/28/22 04:25:00 AM,,0.0,,,
1351,01/28/22 04:30:00 AM,2.303,0.0,,,
1352,01/28/22 04:35:00 AM,,0.0,,,
1353,01/28/22 04:40:00 AM,,0.0,,,
1354,01/28/22 04:45:00 AM,,0.0,,,
1355,01/28/22 04:50:00 AM,,0.0,,,
1356,01/28/22 04:55:00 AM,,0.0,,,
1357,01/28/22 05:00:00 AM,2.088,0.0,,,
1358,01/28/22 05:05:00 AM,,0.0,,,
1359,01/28/22 05:10:00 AM,,0.0,,,
1360,01/28/22 05:15:00 AM,,0.0,,,
1361,01/28/22 05:20:00 AM,,0.0,,,
1362,01/28/22 05:25:00 AM,,0.0,,,
1363,01/28/22 05:30:00 AM,1.764,0.0,,,
1364,01/28/22 05:35:00 AM,,0.0,,,
1365,01/28/22 05:40:00 AM,,0.0,,,
1366,01/28/22 05:45:00 AM,,0.0,,,
1367,01/28/22 05:50:00 AM,,0.0,,,
1368,01/28/22 05:55:00 AM,,0.0,,,
1369,01/28/22 06:00:00 AM,1.764,0.0,,,
1370,01/28/22 06:05:00 AM,,0.0,,,
1371,01/28/22 06:10:00 AM,,0.0,,,
1372,01/28/22 06:15:00 AM,,0.0,,,
1373,01/28/22 06:20:00 AM,,0.0,,,
1374,01/28/22 06:25:00 AM,,0.0,,,
1375,01/28/22 06:30:00 AM,1.980,0.0,,,
1376,01/28/22 06:35:00 AM,,0.0,,,
1377,01/28/22 06:40:00 AM,,0.0,,,
1378,01/28/22 06:45:00 AM,,0.0,,,
1379,01/28/22 06:50:00 AM,,0.0,,,
1380,01/28/22 06:55:00 AM,,0.0,,,
1381,01/28/22 07:00:00 AM,2.088,0.0,,,
1382,01/28/22 07:05:00 AM,,0.0,,,
1383,01/28/22 07:10:00 AM,,0.0,,,
1384,01/28/22 07:15:00 AM,,0.0,,,
1385,01/28/22 07:20:00 AM,,0.0,,,
1386,01/28/22 07:25:00 AM,,0.0,,,
1387,01/28/22 07:30:00 AM,2.088,0.0,,,
1388,01/28/22 07:35:00 AM,,0.0,,,
1389,01/28/22 07:40:00 AM,,0.0,,,
1390,01/28/22 07:45:00 AM,,0.0,,,
1391,01/28/22 07:50:00 AM,,0.0,,,
1392,01/28/22 07:55:00 AM,,0.0,,,
1393,01/28/22 08:00:00 AM,1.980,0.0,,,
1394,01/28/22 08:05:00 AM,,0.0,,,
1395,01/28/22 08:10:00 AM,,0.0,,,
1396,01/28/22 08:15:00 AM,,0.0,,,
1397,01/28/22 08:20:00 AM,,0.0,,,
1398,01/28/22 08:25:00 AM,,0.0,,,
1399,01/28/22 08:30:00 AM,2.088,0.0,,,
1400,01/28/22 08:35:00 AM,,0.0,,,
1401,01/28/22 08:40:00 AM,,0.0,,,
1402,01/28/22 08:45:00 AM,,0.0,,,
1403,01/28/22 08:50:00 AM,,0.0,,,
1404,01/28/22 08:55:00 AM,,0.0,,,
1405,01/28/22 09:00:00 AM,2.303,0.0,,,
1406,01/28/22 09:05:00 AM,,0.0,,,
1407,01/28/22 09:10:00 AM,,0.0,,,
1408,01/28/22 09:15:00 AM,,0.0,,,
1409,01/28/22 09:20:00 AM,,0.0,,,
1410,01/28/22 09:25:00 AM,,0.0,,,
1411,01/28/22 09:30:00 AM,2.303,0.0,,,
1412,01/28/22 09:35:00 AM,,0.0,,,
1413,01/28/22 09:40:00 AM,,0.0,,,
1414,01/28/22 09:45:00 AM,,0.0,,,
1415,01/28/22 09:50:00 AM,,0.0,,,
1416,01/28/22 09:55:00 AM,,0.0,,,
1417,01/28/22 10:00:00 AM,2.303,0.0,,,
1418,01/28/22 10:05:00 AM,,0.0,,,
1419,01/28/22 10:10:00 AM,,0.0,,,
1420,01/28/22 10:15:00 AM,,0.0,,,
1421,01/28/22 10:20:00 AM,,0.0,,,
1422,01/28/22 10:25:00 AM,,0.0,,,
1423,01/28/22 10:30:00 AM,2.517,0.0,,,
1424,01/28/22 10:35:00 AM,,0.0,,,
1425,01/28/22 10:40:00 AM,,0.0,,,
1426,01/28/22 10:45:00 AM,,0.0,,,
1427,01/28/22 10:50:00 AM,,0.0,,,
1428,01/28/22 10:55:00 AM,,0.0,,,
1429,01/28/22 11:00:00 AM,2.837,0.0,,,
1430,01/28/22 11:05:00 AM,,0.0,,,
1431,01/28/22 11:10:00 AM,,0.0,,,
1432,01/28/22 11:15:00 AM,,0.0,,,
1433,01/28/22 11:20:00 AM,,0.0,,,
1434,01/28/22 11:25:00 AM,,0.0,,,
1435,01/28/22 11:30:00 AM,3.261,0.0,,,
1436,01/28/22 11:35:00 AM,,0.0,,,
1437,01/28/22 11:40:00 AM,,0.0,,,
1438,01/28/22 11:45:00 AM,,0.0,,,
1439,01/28/22 11:50:00 AM,,0.0,,,
1440,01/28/22 11:55:00 AM,,0.0,,,
1441,01/28/22 12:00:00 PM,3.049,0.0,,,
1442,01/28/22 12:05:00 PM,,0.0,,,
1443,01/28/22 12:10:00 PM,,0.0,,,
1444,01/28/22 12:15:00 PM,,0.0,,,
1445,01/28/22 12:20:00 PM,,0.0,,,
1446,01/28/22 12:25:00 PM,,0.0,,,
1447,01/28/22 12:30:00 PM,3.049,0.0,,,
1448,01/28/22 12:35:00 PM,,0.0,,,
1449,01/28/22 12:40:00 PM,,0.0,,,
1450,01/28/22 12:45:00 PM,,0.0,,,
1451,01/28/22 12:50:00 PM,,0.0,,,
1452,01/28/22 12:55:00 PM,,0.0,,,
1453,01/28/22 01:00:00 PM,3.261,0.0,,,
1454,01/28/22 01:05:00 PM,,0.0,,,
1455,01/28/22 01:10:00 PM,,0.0,,,
1456,01/28/22 01:15:00 PM,,0.0,,,
1457,01/28/22 01:20:00 PM,,0.0,,,
1458,01/28/22 01:25:00 PM,,0.0,,,
1459,01/28/22 01:30:00 PM,3.261,0.0,,,
1460,01/28/22 01:35:00 PM,,0.0,,,
1461,01/28/22 01:40:00 PM,,0.0,,,
1462,01/28/22 01:45:00 PM,,0.0,,,
1463,01/28/22 01:50:00 PM,,0.0,,,
1464,01/28/22 01:55:00 PM,,0.0,,,
1465,01/28/22 02:00:00 PM,3.261,0.0,,,
1466,01/28/22 02:05:00 PM,,0.0,,,
1467,01/28/22 02:10:00 PM,,0.0,,,
1468,01/28/22 02:15:00 PM,,0.0,,,
1469,01/28/22 02:20:00 PM,,0.0,,,
1470,01/28/22 02:25:00 PM,,0.0,,,
1471,01/28/22 02:30:00 PM,3.472,0.0,,,
1472,01/28/22 02:35:00 PM,,0.0,,,
1473,01/28/22 02:40:00 PM,,0.0,,,
1474,01/28/22 02:45:00 PM,,0.0,,,
1475,01/28/22 02:50:00 PM,,0.0,,,
1476,01/28/22 02:55:00 PM,,0.0,,,
1477,01/28/22 03:00:00 PM,3.683,0.0,,,
1478,01/28/22 03:05:00 PM,,0.0,,,
1479,01/28/22 03:10:00 PM,,0.0,,,
1480,01/28/22 03:15:00 PM,,0.0,,,
1481,01/28/22 03:20:00 PM,,0.0,,,
1482,01/28/22 03:25:00 PM,,0.0,,,
1483,01/28/22 03:30:00 PM,3.472,0.0,,,
1484,01/28/22 03:35:00 PM,,0.0,,,
1485,01/28/22 03:40:00 PM,,0.0,,,
1486,01/28/22 03:45:00 PM,,0.0,,,
1487,01/28/22 03:50:00 PM,,0.0,,,
1488,01/28/22 03:55:00 PM,,0.0,,,
1489,01/28/22 04:00:00 PM,3.261,0.0,,,
1490,01/28/22 04:05:00 PM,,0.0,,,
1491,01/28/22 04:10:00 PM,,0.0,,,
1492,01/28/22 04:15:00 PM,,0.0,,,
1493,01/28/22 04:20:00 PM,,0.0,,,
1494,01/28/22 04:25:00 PM,,0.0,,,
1495,01/28/22 04:30:00 PM,3.049,0.0,,,
1496,01/28/22 04:35:00 PM,,0.0,,,
1497,01/28/22 04:40:00 PM,,0.0,,,
1498,01/28/22 04:45:00 PM,,0.0,,,
1499,01/28/22 04:50:00 PM,,0.0,,,
1500,01/28/22 04:55:00 PM,,0.0,,,
1501,01/28/22 05:00:00 PM,2.943,0.0,,,
1502,01/28/22 05:05:00 PM,,0.0,,,
1503,01/28/22 05:10:00 PM,,0.0,,,
1504,01/28/22 05:15:00 PM,,0.0,,,
1505,01/28/22 05:20:00 PM,,0.0,,,
1506,01/28/22 05:25:00 PM,,0.0,,,
1507,01/28/22 05:30:00 PM,2.837,0.0,,,
1508,01/28/22 05:35:00 PM,,0.0,,,
1509,01/28/22 05:40:00 PM,,0.0,,,
1510,01/28/22 05:45:00 PM,,0.0,,,
1511,01/28/22 05:50:00 PM,,0.0,,,
1512,01/28/22 05:55:00 PM,,0.0,,,
1513,01/28/22 06:00:00 PM,2.624,0.0,,,
1514,01/28/22 06:05:00 PM,,0.0,,,
1515,01/28/22 06:10:00 PM,,0.0,,,
1516,01/28/22 06:15:00 PM,,0.0,,,
1517,01/28/22 06:20:00 PM,,0.0,,,
1518,01/28/22 06:25:00 PM,,0.0,,,
1519,01/28/22 06:30:00 PM,2.517,0.0,,,
1520,01/28/22 06:35:00 PM,,0.0,,,
1521,01/28/22 06:40:00 PM,,0.0,,,
1522,01/28/22 06:45:00 PM,,0.0,,,
1523,01/28/22 06:50:00 PM,,0.0,,,
1524,01/28/22 06:55:00 PM,,0.0,,,
1525,01/28/22 07:00:00 PM,2.517,0.0,,,
1526,01/28/22 07:05:00 PM,,0.0,,,
1527,01/28/22 07:10:00 PM,,0.0,,,
1528,01/28/22 07:15:00 PM,,0.0,,,
1529,01/28/22 07:20:00 PM,,0.0,,,
1530,01/28/22 07:25:00 PM,,0.0,,,
1531,01/28/22 07:30:00 PM,2.303,0.0,,,
1532,01/28/22 07:35:00 PM,,0.0,,,
1533,01/28/22 07:40:00 PM,,0.0,,,
1534,01/28/22 07:45:00 PM,,0.0,,,
1535,01/28/22 07:50:00 PM,,0.0,,,
1536,01/28/22 07:55:00 PM,,0.0,,,
1537,01/28/22 08:00:00 PM,1.980,0.0,,,
1538,01/28/22 08:05:00 PM,,0.0,,,
1539,01/28/22 08:10:00 PM,,0.0,,,
1540,01/28/22 08:15:00 PM,,0.0,,,
1541,01/28/22 08:20:00 PM,,0.0,,,
1542,01/28/22 08:25:00 PM,,0.0,,,
1543,01/28/22 08:30:00 PM,1.764,0.0,,,
1544,01/28/22 08:35:00 PM,,0.0,,,
1545,01/28/22 08:40:00 PM,,0.0,,,
1546,01/28/22 08:45:00 PM,,0.0,,,
1547,01/28/22 08:50:00 PM,,0.0,,,
1548,01/28/22 08:55:00 PM,,0.0,,,
1549,01/28/22 09:00:00 PM,1.330,0.0,,,
1550,01/28/22 09:05:00 PM,,0.0,,,
1551,01/28/22 09:10:00 PM,,0.0,,,
1552,01/28/22 09:15:00 PM,,0.0,,,
1553,01/28/22 09:20:00 PM,,0.0,,,
1554,01/28/22 09:25:00 PM,,0.0,,,
1555,01/28/22 09:30:00 PM,1.112,0.0,,,
1556,01/28/22 09:35:00 PM,,0.0,,,
1557,01/28/22 09:40:00 PM,,0.0,,,
1558,01/28/22 09:45:00 PM,,0.0,,,
1559,01/28/22 09:50:00 PM,,0.0,,,
1560,01/28/22 09:55:00 PM,,0.0,,,
1561,01/28/22 10:00:00 PM,1.003,0.0,,,
1562,01/28/22 10:05:00 PM,,0.0,,,
1563,01/28/22 10:10:00 PM,,0.0,,,
1564,01/28/22 10:15:00 PM,,0.0,,,
1565,01/28/22 10:20:00 PM,,0.0,,,
1566,01/28/22 10:25:00 PM,,0.0,,,
1567,01/28/22 10:30:00 PM,0.893,0.0,,,
1568,01/28/22 10:35:00 PM,,0.0,,,
1569,01/28/22 10:40:00 PM,,0.0,,,
1570,01/28/22 10:45:00 PM,,0.0,,,
1571,01/28/22 10:50:00 PM,,0.0,,,
1572,01/28/22 10:55:00 PM,,0.0,,,
1573,01/28/22 11:00:00 PM,0.784,0.0,,,
1574,01/28/22 11:05:00 PM,,0.0,,,
1575,01/28/22 11:10:00 PM,,0.0,,,
1576,01/28/22 11:15:00 PM,,0.0,,,
1577,01/28/22 11:20:00 PM,,0.0,,,
1578,01/28/22 11:25:00 PM,,0.0,,,
1579,01/28/22 11:30:00 PM,0.674,0.0,,,
1580,01/28/22 11:35:00 PM,,0.0,,,
1581,01/28/22 11:40:00 PM,,0.0,,,
1582,01/28/22 11:45:00 PM,,0.0,,,
1583,01/28/22 11:50:00 PM,,0.0,,,
1584,01/28/22 11:55:00 PM,,0.0,,,
1585,01/29/22 12:00:00 AM,0.674,0.0,,,
1586,01/29/22 12:05:00 AM,,0.0,,,
1587,01/29/22 12:10:00 AM,,0.0,,,
1588,01/29/22 12:15:00 AM,,0.0,,,
1589,01/29/22 12:20:00 AM,,0.0,,,
1590,01/29/22 12:25:00 AM,,0.0,,,
1591,01/29/22 12:30:00 AM,0.453,0.0,,,
1592,01/29/22 12:35:00 AM,,0.0,,,
1593,01/29/22 12:40:00 AM,,0.0,,,
1594,01/29/22 12:45:00 AM,,0.0,,,
1595,01/29/22 12:50:00 AM,,0.0,,,
1596,01/29/22 12:55:00 AM,,0.0,,,
1597,01/29/22 01:00:00 AM,0.343,0.0,,,
1598,01/29/22 01:05:00 AM,,0.0,,,
1599,01/29/22 01:10:00 AM,,0.0,,,
1600,01/29/22 01:15:00 AM,,0.0,,,
1601,01/29/22 01:20:00 AM,,0.0,,,
1602,01/29/22 01:25:00 AM,,0.0,,,
1603,01/29/22 01:30:00 AM,0.453,0.0,,,
1604,01/29/22 01:35:00 AM,,0.0,,,
1605,01/29/22 01:40:00 AM,,0.0,,,
1606,01/29/22 01:45:00 AM,,0.0,,,
1607,01/29/22 01:50:00 AM,,0.0,,,
1608,01/29/22 01:55:00 AM,,0.0,,,
1609,01/29/22 02:00:00 AM,0.343,0.0,,,
1610,01/29/22 02:05:00 AM,,0.0,,,
1611,01/29/22 02:10:00 AM,,0.0,,,
1612,01/29/22 02:15:00 AM,,0.0,,,
1613,01/29/22 02:20:00 AM,,0.0,,,
1614,01/29/22 02:25:00 AM,,0.0,,,
1615,01/29/22 02:30:00 AM,0.121,0.0,,,
1616,01/29/22 02:35:00 AM,,0.0,,,
1617,01/29/22 02:40:00 AM,,0.0,,,
1618,01/29/22 02:45:00 AM,,0.0,,,
1619,01/29/22 02:50:00 AM,,0.0,,,
1620,01/29/22 02:55:00 AM,,0.0,,,
1621,01/29/22 03:00:00 AM,0.010,0.0,,,
1622,01/29/22 03:05:00 AM,,0.0,,,
1623,01/29/22 03:10:00 AM,,0.0,,,
1624,01/29/22 03:15:00 AM,,0.0,,,
1625,01/29/22 03:20:00 AM,,0.0,,,
1626,01/29/22 03:25:00 AM,,0.0,,,
1627,01/29/22 03:30:00 AM,0.232,0.0,,,
1628,01/29/22 03:35:00 AM,,0.0,,,
1629,01/29/22 03:40:00 AM,,0.0,,,
1630,01/29/22 03:45:00 AM,,0.0,,,
1631,01/29/22 03:50:00 AM,,0.0,,,
1632,01/29/22 03:55:00 AM,,0.0,,,
1633,01/29/22 04:00:00 AM,-0.213,0.0,,,
1634,01/29/22 04:05:00 AM,,0.0,,,
1635,01/29/22 04:10:00 AM,,0.0,,,
1636,01/29/22 04:15:00 AM,,0.0,,,
1637,01/29/22 04:20:00 AM,,0.0,,,
1638,01/29/22 04:25:00 AM,,0.0,,,
1639,01/29/22 04:30:00 AM,-0.437,0.0,,,
1640,01/29/22 04:35:00 AM,,0.0,,,
1641,01/29/22 04:40:00 AM,,0.0,,,
1642,01/29/22 04:45:00 AM,,0.0,,,
1643,01/29/22 04:50:00 AM,,0.0,,,
1644,01/29/22 04:55:00 AM,,0.0,,,
1645,01/29/22 05:00:00 AM,-0.325,0.0,,,
1646,01/29/22 05:05:00 AM,,0.0,,,
1647,01/29/22 05:10:00 AM,,0.0,,,
1648,01/29/22 05:15:00 AM,,0.0,,,
1649,01/29/22 05:20:00 AM,,0.0,,,
1650,01/29/22 05:25:00 AM,,0.0,,,
1651,01/29/22 05:30:00 AM,0.010,0.0,,,
1652,01/29/22 05:35:00 AM,,0.0,,,
1653,01/29/22 05:40:00 AM,,0.0,,,
1654,01/29/22 05:45:00 AM,,0.0,,,
1655,01/29/22 05:50:00 AM,,0.0,,,
1656,01/29/22 05:55:00 AM,,0.0,,,
1657,01/29/22 06:00:00 AM,0.343,0.0,,,
1658,01/29/22 06:05:00 AM,,0.0,,,
1659,01/29/22 06:10:00 AM,,0.0,,,
1660,01/29/22 06:15:00 AM,,0.0,,,
1661,01/29/22 06:20:00 AM,,0.0,,,
1662,01/29/22 06:25:00 AM,,0.0,,,
1663,01/29/22 06:30:00 AM,0.563,0.0,,,
1664,01/29/22 06:35:00 AM,,0.0,,,
1665,01/29/22 06:40:00 AM,,0.0,,,
1666,01/29/22 06:45:00 AM,,0.0,,,
1667,01/29/22 06:50:00 AM,,0.0,,,
1668,01/29/22 06:55:00 AM,,0.0,,,
1669,01/29/22 07:00:00 AM,0.674,0.0,,,
1670,01/29/22 07:05:00 AM,,0.0,,,
1671,01/29/22 07:10:00 AM,,0.0,,,
1672,01/29/22 07:15:00 AM,,0.0,,,
1673,01/29/22 07:20:00 AM,,0.0,,,
1674,01/29/22 07:25:00 AM,,0.0,,,
1675,01/29/22 07:30:00 AM,1.112,0.0,,,
1676,01/29/22 07:35:00 AM,,0.0,,,
1677,01/29/22 07:40:00 AM,,0.0,,,
1678,01/29/22 07:45:00 AM,,0.0,,,
1679,01/29/22 07:50:00 AM,,0.0,,,
1680,01/29/22 07:55:00 AM,,0.0,,,
1681,01/29/22 08:00:00 AM,1.656,0.0,,,
1682,01/29/22 08:05:00 AM,,0.0,,,
1683,01/29/22 08:10:00 AM,,0.0,,,
1684,01/29/22 08:15:00 AM,,0.0,,,
1685,01/29/22 08:20:00 AM,,0.0,,,
1686,01/29/22 08:25:00 AM,,0.0,,,
1687,01/29/22 08:30:00 AM,2.303,0.0,,,
1688,01/29/22 08:35:00 AM,,0.0,,,
1689,01/29/22 08:40:00 AM,,0.0,,,
1690,01/29/22 08:45:00 AM,,0.0,,,
1691,01/29/22 08:50:00 AM,,0.0,,,
1692,01/29/22 08:55:00 AM,,0.0,,,
1693,01/29/22 09:00:00 AM,2.837,0.0,,,
1694,01/29/22 09:05:00 AM,,0.0,,,
1695,01/29/22 09:10:00 AM,,0.0,,,
1696,01/29/22 09:15:00 AM,,0.0,,,
1697,01/29/22 09:20:00 AM,,0.0,,,
1698,01/29/22 09:25:00 AM,,0.0,,,
1699,01/29/22 09:30:00 AM,2.837,0.0,,,
1700,01/29/22 09:35:00 AM,,0.0,,,
1701,01/29/22 09:40:00 AM,,0.0,,,
1702,01/29/22 09:45:00 AM,,0.0,,,
1703,01/29/22 09:50:00 AM,,0.0,,,
1704,01/29/22 09:55:00 AM,,0.0,,,
1705,01/29/22 10:00:00 AM,3.683,0.0,,,
1706,01/29/22 10:05:00 AM,,0.0,,,
1707,01/29/22 10:10:00 AM,,0.0,,,
1708,01/29/22 10:15:00 AM,,0.0,,,
1709,01/29/22 10:20:00 AM,,0.0,,,
1710,01/29/22 10:25:00 AM,,0.0,,,
1711,01/29/22 10:30:00 AM,3.788,0.0,,,
1712,01/29/22 10:35:00 AM,,0.0,,,
1713,01/29/22 10:40:00 AM,,0.0,,,
1714,01/29/22 10:45:00 AM,,0.0,,,
1715,01/29/22 10:50:00 AM,,0.0,,,
1716,01/29/22 10:55:00 AM,,0.0,,,
1717,01/29/22 11:00:00 AM,3.788,0.0,,,
1718,01/29/22 11:05:00 AM,,0.0,,,
1719,01/29/22 11:10:00 AM,,0.0,,,
1720,01/29/22 11:15:00 AM,,0.0,,,
1721,01/29/22 11:20:00 AM,,0.0,,,
1722,01/29/22 11:25:00 AM,,0.0,,,
1723,01/29/22 11:30:00 AM,4.311,0.0,,,
1724,01/29/22 11:35:00 AM,,0.0,,,
1725,01/29/22 11:40:00 AM,,0.0,,,
1726,01/29/22 11:45:00 AM,,0.0,,,
1727,01/29/22 11:50:00 AM,,0.0,,,
1728,01/29/22 11:55:00 AM,,0.0,,,
1729,01/29/22 12:00:00 PM,4.623,0.0,,,
1730,01/29/22 12:05:00 PM,,0.0,,,
1731,01/29/22 12:10:00 PM,,0.0,,,
1732,01/29/22 12:15:00 PM,,0.0,,,
1733,01/29/22 12:20:00 PM,,0.0,,,
1734,01/29/22 12:25:00 PM,,0.0,,,
1735,01/29/22 12:30:00 PM,4.519,0.0,,,
1736,01/29/22 12:35:00 PM,,0.0,,,
1737,01/29/22 12:40:00 PM,,0.0,,,
1738,01/29/22 12:45:00 PM,,0.0,,,
1739,01/29/22 12:50:00 PM,,0.0,,,
1740,01/29/22 12:55:00 PM,,0.0,,,
1741,01/29/22 01:00:00 PM,4.831,0.0,,,
1742,01/29/22 01:05:00 PM,,0.0,,,
1743,01/29/22 01:10:00 PM,,0.0,,,
1744,01/29/22 01:15:00 PM,,0.0,,,
1745,01/29/22 01:20:00 PM,,0.0,,,
1746,01/29/22 01:25:00 PM,,0.0,,,
1747,01/29/22 01:30:00 PM,5.037,0.0,,,
1748,01/29/22 01:35:00 PM,,0.0,,,
1749,01/29/22 01:40:00 PM,,0.0,,,
1750,01/29/22 01:45:00 PM,,0.0,,,
1751,01/29/22 01:50:00 PM,,0.0,,,
1752,01/29/22 01:55:00 PM,,0.0,,,
1753,01/29/22 02:00:00 PM,5.244,0.0,,,
1754,01/29/22 02:05:00 PM,,0.0,,,
1755,01/29/22 02:10:00 PM,,0.0,,,
1756,01/29/22 02:15:00 PM,,0.0,,,
1757,01/29/22 02:20:00 PM,,0.0,,,
1758,01/29/22 02:25:00 PM,,0.0,,,
1759,01/29/22 02:30:00 PM,5.655,0.0,,,
1760,01/29/22 02:35:00 PM,,0.0,,,
1761,01/29/22 02:40:00 PM,,0.0,,,
1762,01/29/22 02:45:00 PM,,0.0,,,
1763,01/29/22 02:50:00 PM,,0.0,,,
1764,01/29/22 02:55:00 PM,,0.0,,,
1765,01/29/22 03:00:00 PM,5.655,0.0,,,
1766,01/29/22 03:05:00 PM,,0.0,,,
1767,01/29/22 03:10:00 PM,,0.0,,,
1768,01/29/22 03:15:00 PM,,0.0,,,
1769,01/29/22 03:20:00 PM,,0.0,,,
1770,01/29/22 03:25:00 PM,,0.0,,,
1771,01/29/22 03:30:00 PM,5.244,0.0,,,
1772,01/29/22 03:35:00 PM,,0.0,,,
1773,01/29/22 03:40:00 PM,,0.0,,,
1774,01/29/22 03:45:00 PM,,0.0,,,
1775,01/29/22 03:50:00 PM,,0.0,,,
1776,01/29/22 03:55:00 PM,,0.0,,,
1777,01/29/22 04:00:00 PM,5.141,0.0,,,
1778,01/29/22 04:05:00 PM,,0.0,,,
1779,01/29/22 04:10:00 PM,,0.0,,,
1780,01/29/22 04:15:00 PM,,0.0,,,
1781,01/29/22 04:20:00 PM,,0.0,,,
1782,01/29/22 04:25:00 PM,,0.0,,,
1783,01/29/22 04:30:00 PM,5.141,0.0,,,
1784,01/29/22 04:35:00 PM,,0.0,,,
1785,01/29/22 04:40:00 PM,,0.0,,,
1786,01/29/22 04:45:00 PM,,0.0,,,
1787,01/29/22 04:50:00 PM,,0.0,,,
1788,01/29/22 04:55:00 PM,,0.0,,,
1789,01/29/22 05:00:00 PM,5.552,0.0,,,
1790,01/29/22 05:05:00 PM,,0.0,,,
1791,01/29/22 05:10:00 PM,,0.0,,,
1792,01/29/22 05:15:00 PM,,0.0,,,
1793,01/29/22 05:20:00 PM,,0.0,,,
1794,01/29/22 05:25:00 PM,,0.0,,,
1795,01/29/22 05:30:00 PM,5.655,0.0,,,
1796,01/29/22 05:35:00 PM,,0.0,,,
1797,01/29/22 05:40:00 PM,,0.0,,,
1798,01/29/22 05:45:00 PM,,0.0,,,
1799,01/29/22 05:50:00 PM,,0.0,,,
1800,01/29/22 05:55:00 PM,,0.0,,,
1801,01/29/22 06:00:00 PM,5.655,0.0,,,
1802,01/29/22 06:05:00 PM,,0.0,,,
1803,01/29/22 06:10:00 PM,,0.0,,,
1804,01/29/22 06:15:00 PM,,0.0,,,
1805,01/29/22 06:20:00 PM,,0.0,,,
1806,01/29/22 06:25:00 PM,,0.0,,,
1807,01/29/22 06:30:00 PM,5.655,0.0,,,
1808,01/29/22 06:35:00 PM,,0.0,,,
1809,01/29/22 06:40:00 PM,,0.0,,,
1810,01/29/22 06:45:00 PM,,0.0,,,
1811,01/29/22 06:50:00 PM,,0.0,,,
1812,01/29/22 06:55:00 PM,,0.0,,,
1813,01/29/22 07:00:00 PM,5.347,0.0,,,
1814,01/29/22 07:05:00 PM,,0.0,,,
1815,01/29/22 07:10:00 PM,,0.0,,,
1816,01/29/22 07:15:00 PM,,0.0,,,
1817,01/29/22 07:20:00 PM,,0.0,,,
1818,01/29/22 07:25:00 PM,,0.0,,,
1819,01/29/22 07:30:00 PM,4.934,0.0,,,
1820,01/29/22 07:35:00 PM,,0.0,,,
1821,01/29/22 07:40:00 PM,,0.0,,,
1822,01/29/22 07:45:00 PM,,0.0,,,
1823,01/29/22 07:50:00 PM,,0.2,,,
1824,01/29/22 07:55:00 PM,,0.0,,,
1825,01/29/22 08:00:00 PM,4.934,0.0,,,
1826,01/29/22 08:05:00 PM,,0.0,,,
1827,01/29/22 08:10:00 PM,,0.0,,,
1828,01/29/22 08:15:00 PM,,0.0,,,
1829,01/29/22 08:20:00 PM,,0.0,,,
1830,01/29/22 08:25:00 PM,,0.0,,,
1831,01/29/22 08:30:00 PM,4.934,0.0,,,
1832,01/29/22 08:35:00 PM,,0.0,,,
1833,01/29/22 08:40:00 PM,,0.0,,,
1834,01/29/22 08:45:00 PM,,0.0,,,
1835,01/29/22 08:50:00 PM,,0.2,,,
1836,01/29/22 08:55:00 PM,,0.0,,,
1837,01/29/22 09:00:00 PM,5.141,0.0,,,
1838,01/29/22 09:05:00 PM,,0.0,,,
1839,01/29/22 09:10:00 PM,,0.2,,,
1840,01/29/22 09:15:00 PM,,0.0,,,
1841,01/29/22 09:20:00 PM,,0.0,,,
1842,01/29/22 09:25:00 PM,,0.0,,,
1843,01/29/22 09:30:00 PM,5.037,0.0,,,
1844,01/29/22 09:35:00 PM,,0.2,,,
1845,01/29/22 09:40:00 PM,,0.0,,,
1846,01/29/22 09:45:00 PM,,0.0,,,
1847,01/29/22 09:50:00 PM,,0.0,,,
1848,01/29/22 09:55:00 PM,,0.0,,,
1849,01/29/22 10:00:00 PM,4.934,0.0,,,
1850,01/29/22 10:05:00 PM,,0.0,,,
1851,01/29/22 10:10:00 PM,,0.2,,,
1852,01/29/22 10:15:00 PM,,0.0,,,
1853,01/29/22 10:20:00 PM,,0.0,,,
1854,01/29/22 10:25:00 PM,,0.0,,,
1855,01/29/22 10:30:00 PM,5.037,0.0,,,
1856,01/29/22 10:35:00 PM,,0.0,,,
1857,01/29/22 10:40:00 PM,,0.0,,,
1858,01/29/22 10:45:00 PM,,0.0,,,
1859,01/29/22 10:50:00 PM,,0.0,,,
1860,01/29/22 10:55:00 PM,,0.0,,,
1861,01/29/22 11:00:00 PM,5.244,0.0,,,
1862,01/29/22 11:05:00 PM,,0.0,,,
1863,01/29/22 11:10:00 PM,,0.0,,,
1864,01/29/22 11:15:00 PM,,0.0,,,
1865,01/29/22 11:20:00 PM,,0.0,,,
1866,01/29/22 11:25:00 PM,,0.0,,,
1867,01/29/22 11:30:00 PM,5.244,0.0,,,
1868,01/29/22 11:35:00 PM,,0.0,,,
1869,01/29/22 11:40:00 PM,,0.0,,,
1870,01/29/22 11:45:00 PM,,0.0,,,
1871,01/29/22 11:50:00 PM,,0.0,,,
1872,01/29/22 11:55:00 PM,,0.0,,,
1873,01/30/22 12:00:00 AM,5.450,0.0,,,
1874,01/30/22 12:05:00 AM,,0.0,,,
1875,01/30/22 12:10:00 AM,,0.0,,,
1876,01/30/22 12:15:00 AM,,0.0,,,
1877,01/30/22 12:20:00 AM,,0.0,,,
1878,01/30/22 12:25:00 AM,,0.0,,,
1879,01/30/22 12:30:00 AM,5.552,0.0,,,
1880,01/30/22 12:35:00 AM,,0.0,,,
1881,01/30/22 12:40:00 AM,,0.0,,,
1882,01/30/22 12:45:00 AM,,0.0,,,
1883,01/30/22 12:50:00 AM,,0.0,,,
1884,01/30/22 12:55:00 AM,,0.0,,,
1885,01/30/22 01:00:00 AM,5.347,0.0,,,
1886,01/30/22 01:05:00 AM,,0.0,,,
1887,01/30/22 01:10:00 AM,,0.0,,,
1888,01/30/22 01:15:00 AM,,0.0,,,
1889,01/30/22 01:20:00 AM,,0.0,,,
1890,01/30/22 01:25:00 AM,,0.0,,,
1891,01/30/22 01:30:00 AM,5.347,0.0,,,
1892,01/30/22 01:35:00 AM,,0.0,,,
1893,01/30/22 01:40:00 AM,,0.0,,,
1894,01/30/22 01:45:00 AM,,0.0,,,
1895,01/30/22 01:50:00 AM,,0.2,,,
1896,01/30/22 01:55:00 AM,,0.0,,,
1897,01/30/22 02:00:00 AM,5.037,0.0,,,
1898,01/30/22 02:05:00 AM,,0.0,,,
1899,01/30/22 02:10:00 AM,,0.0,,,
1900,01/30/22 02:15:00 AM,,0.0,,,
1901,01/30/22 02:20:00 AM,,0.0,,,
1902,01/30/22 02:25:00 AM,,0.0,,,
1903,01/30/22 02:30:00 AM,5.244,0.0,,,
1904,01/30/22 02:35:00 AM,,0.0,,,
1905,01/30/22 02:40:00 AM,,0.0,,,
1906,01/30/22 02:45:00 AM,,0.0,,,
1907,01/30/22 02:50:00 AM,,0.0,,,
1908,01/30/22 02:55:00 AM,,0.0,,,
1909,01/30/22 03:00:00 AM,5.141,0.2,,,
1910,01/30/22 03:05:00 AM,,0.0,,,
1911,01/30/22 03:10:00 AM,,0.2,,,
1912,01/30/22 03:15:00 AM,,0.0,,,
1913,01/30/22 03:20:00 AM,,0.0,,,
1914,01/30/22 03:25:00 AM,,0.0,,,
1915,01/30/22 03:30:00 AM,5.037,0.0,,,
1916,01/30/22 03:35:00 AM,,0.0,,,
1917,01/30/22 03:40:00 AM,,0.0,,,
1918,01/30/22 03:45:00 AM,,0.0,,,
1919,01/30/22 03:50:00 AM,,0.0,,,
1920,01/30/22 03:55:00 AM,,0.0,,,
1921,01/30/22 04:00:00 AM,4.831,0.0,,,
1922,01/30/22 04:05:00 AM,,0.0,,,
1923,01/30/22 04:10:00 AM,,0.0,,,
1924,01/30/22 04:15:00 AM,,0.0,,,
1925,01/30/22 04:20:00 AM,,0.0,,,
1926,01/30/22 04:25:00 AM,,0.2,,,
1927,01/30/22 04:30:00 AM,5.037,0.0,,,
1928,01/30/22 04:35:00 AM,,0.0,,,
1929,01/30/22 04:40:00 AM,,0.0,,,
1930,01/30/22 04:45:00 AM,,0.0,,,
1931,01/30/22 04:50:00 AM,,0.0,,,
1932,01/30/22 04:55:00 AM,,0.0,,,
1933,01/30/22 05:00:00 AM,4.831,0.0,,,
1934,01/30/22 05:05:00 AM,,0.0,,,
1935,01/30/22 05:10:00 AM,,0.0,,,
1936,01/30/22 05:15:00 AM,,0.0,,,
1937,01/30/22 05:20:00 AM,,0.0,,,
1938,01/30/22 05:25:00 AM,,0.0,,,
1939,01/30/22 05:30:00 AM,4.727,0.0,,,
1940,01/30/22 05:35:00 AM,,0.0,,,
1941,01/30/22 05:40:00 AM,,0.0,,,
1942,01/30/22 05:45:00 AM,,0.0,,,
1943,01/30/22 05:50:00 AM,,0.0,,,
1944,01/30/22 05:55:00 AM,,0.0,,,
1945,01/30/22 06:00:00 AM,4.727,0.0,,,
1946,01/30/22 06:05:00 AM,,0.0,,,
1947,01/30/22 06:10:00 AM,,0.0,,,
1948,01/30/22 06:15:00 AM,,0.0,,,
1949,01/30/22 06:20:00 AM,,0.0,,,
1950,01/30/22 06:25:00 AM,,0.0,,,
1951,01/30/22 06:30:00 AM,4.934,0.0,,,
1952,01/30/22 06:35:00 AM,,0.0,,,
1953,01/30/22 06:40:00 AM,,0.0,,,
1954,01/30/22 06:45:00 AM,,0.0,,,
1955,01/30/22 06:50:00 AM,,0.0,,,
1956,01/30/22 06:55:00 AM,,0.0,,,
1957,01/30/22 07:00:00 AM,5.037,0.0,,,
1958,01/30/22 07:05:00 AM,,0.0,,,
1959,01/30/22 07:10:00 AM,,0.0,,,
1960,01/30/22 07:15:00 AM,,0.0,,,
1961,01/30/22 07:20:00 AM,,0.0,,,
1962,01/30/22 07:25:00 AM,,0.0,,,
1963,01/30/22 07:30:00 AM,4.831,0.0,,,
1964,01/30/22 07:35:00 AM,,0.0,,,
1965,01/30/22 07:40:00 AM,,0.0,,,
1966,01/30/22 07:45:00 AM,,0.0,,,
1967,01/30/22 07:50:00 AM,,0.0,,,
1968,01/30/22 07:55:00 AM,,0.0,,,
1969,01/30/22 08:00:00 AM,4.623,0.0,,,
1970,01/30/22 08:05:00 AM,,0.0,,,
1971,01/30/22 08:10:00 AM,,0.0,,,
1972,01/30/22 08:15:00 AM,,0.0,,,
1973,01/30/22 08:20:00 AM,,0.0,,,
1974,01/30/22 08:25:00 AM,,0.0,,,
1975,01/30/22 08:30:00 AM,4.623,0.0,,,
1976,01/30/22 08:35:00 AM,,0.0,,,
1977,01/30/22 08:40:00 AM,,0.0,,,
1978,01/30/22 08:45:00 AM,,0.0,,,
1979,01/30/22 08:50:00 AM,,0.0,,,
1980,01/30/22 08:55:00 AM,,0.0,,,
1981,01/30/22 09:00:00 AM,4.519,0.0,,,
1982,01/30/22 09:05:00 AM,,0.0,,,
1983,01/30/22 09:10:00 AM,,0.0,,,
1984,01/30/22 09:15:00 AM,,0.0,,,
1985,01/30/22 09:20:00 AM,,0.0,,,
1986,01/30/22 09:25:00 AM,,0.0,,,
1987,01/30/22 09:30:00 AM,4.311,0.0,,,
1988,01/30/22 09:35:00 AM,,0.0,,,
1989,01/30/22 09:40:00 AM,,0.0,,,
1990,01/30/22 09:45:00 AM,,0.0,,,
1991,01/30/22 09:50:00 AM,,0.0,,,
1992,01/30/22 09:55:00 AM,,0.0,,,
1993,01/30/22 10:00:00 AM,4.415,0.0,,,
1994,01/30/22 10:05:00 AM,,0.0,,,
1995,01/30/22 10:10:00 AM,,0.0,,,
1996,01/30/22 10:15:00 AM,,0.0,,,
1997,01/30/22 10:20:00 AM,,0.0,,,
1998,01/30/22 10:25:00 AM,,0.0,,,
1999,01/30/22 10:30:00 AM,4.311,0.0,,,
2000,01/30/22 10:35:00 AM,,0.0,,,
2001,01/30/22 10:40:00 AM,,0.0,,,
2002,01/30/22 10:45:00 AM,,0.0,,,
2003,01/30/22 10:50:00 AM,,0.0,,,
2004,01/30/22 10:55:00 AM,,0.0,,,
2005,01/30/22 11:00:00 AM,4.623,0.0,,,
2006,01/30/22 11:05:00 AM,,0.0,,,
2007,01/30/22 11:10:00 AM,,0.0,,,
2008,01/30/22 11:15:00 AM,,0.0,,,
2009,01/30/22 11:20:00 AM,,0.0,,,
2010,01/30/22 11:25:00 AM,,0.0,,,
2011,01/30/22 11:30:00 AM,4.623,0.0,,,
2012,01/30/22 11:35:00 AM,,0.0,,,
2013,01/30/22 11:40:00 AM,,0.0,,,
2014,01/30/22 11:45:00 AM,,0.0,,,
2015,01/30/22 11:50:00 AM,,0.0,,,
2016,01/30/22 11:55:00 AM,,0.0,,,
2017,01/30/22 12:00:00 PM,5.141,0.0,,,
2018,01/30/22 12:05:00 PM,,0.0,,,
2019,01/30/22 12:10:00 PM,,0.0,,,
2020,01/30/22 12:15:00 PM,,0.0,,,
2021,01/30/22 12:20:00 PM,,0.0,,,
2022,01/30/22 12:25:00 PM,,0.0,,,
2023,01/30/22 12:30:00 PM,5.037,0.0,,,
2024,01/30/22 12:35:00 PM,,0.0,,,
2025,01/30/22 12:40:00 PM,,0.0,,,
2026,01/30/22 12:45:00 PM,,0.0,,,
2027,01/30/22 12:50:00 PM,,0.0,,,
2028,01/30/22 12:55:00 PM,,0.0,,,
2029,01/30/22 01:00:00 PM,5.450,0.0,,,
2030,01/30/22 01:05:00 PM,,0.0,,,
2031,01/30/22 01:10:00 PM,,0.0,,,
2032,01/30/22 01:15:00 PM,,0.0,,,
2033,01/30/22 01:20:00 PM,,0.0,,,
2034,01/30/22 01:25:00 PM,,0.0,,,
2035,01/30/22 01:30:00 PM,5.655,0.0,,,
2036,01/30/22 01:35:00 PM,,0.0,,,
2037,01/30/22 01:40:00 PM,,0.0,,,
2038,01/30/22 01:45:00 PM,,0.0,,,
2039,01/30/22 01:50:00 PM,,0.0,,,
2040,01/30/22 01:55:00 PM,,0.0,,,
2041,01/30/22 02:00:00 PM,6.166,0.0,,,
2042,01/30/22 02:05:00 PM,,0.0,,,
2043,01/30/22 02:10:00 PM,,0.0,,,
2044,01/30/22 02:15:00 PM,,0.0,,,
2045,01/30/22 02:20:00 PM,,0.0,,,
2046,01/30/22 02:25:00 PM,,0.0,,,
2047,01/30/22 02:30:00 PM,6.064,0.0,,,
2048,01/30/22 02:35:00 PM,,0.0,,,
2049,01/30/22 02:40:00 PM,,0.0,,,
2050,01/30/22 02:45:00 PM,,0.0,,,
2051,01/30/22 02:50:00 PM,,0.0,,,
2052,01/30/22 02:55:00 PM,,0.0,,,
2053,01/30/22 03:00:00 PM,7.682,0.0,,,
2054,01/30/22 03:05:00 PM,,0.0,,,
2055,01/30/22 03:10:00 PM,,0.0,,,
2056,01/30/22 03:15:00 PM,,0.0,,,
2057,01/30/22 03:20:00 PM,,0.0,,,
2058,01/30/22 03:25:00 PM,,0.0,,,
2059,01/30/22 03:30:00 PM,7.983,0.0,,,
2060,01/30/22 03:35:00 PM,,0.0,,,
2061,01/30/22 03:40:00 PM,,0.0,,,
2062,01/30/22 03:45:00 PM,,0.0,,,
2063,01/30/22 03:50:00 PM,,0.0,,,
2064,01/30/22 03:55:00 PM,,0.0,,,
2065,01/30/22 04:00:00 PM,6.064,0.0,,,
2066,01/30/22 04:05:00 PM,,0.0,,,
2067,01/30/22 04:10:00 PM,,0.0,,,
2068,01/30/22 04:15:00 PM,,0.0,,,
2069,01/30/22 04:20:00 PM,,0.0,,,
2070,01/30/22 04:25:00 PM,,0.0,,,
2071,01/30/22 04:30:00 PM,3.998,0.0,,,
2072,01/30/22 04:35:00 PM,,0.0,,,
2073,01/30/22 04:40:00 PM,,0.0,,,
2074,01/30/22 04:45:00 PM,,0.0,,,
2075,01/30/22 04:50:00 PM,,0.0,,,
2076,01/30/22 04:55:00 PM,,0.0,,,
2077,01/30/22 05:00:00 PM,3.049,0.0,,,
2078,01/30/22 05:05:00 PM,,0.0,,,
2079,01/30/22 05:10:00 PM,,0.0,,,
2080,01/30/22 05:15:00 PM,,0.0,,,
2081,01/30/22 05:20:00 PM,,0.0,,,
2082,01/30/22 05:25:00 PM,,0.0,,,
2083,01/30/22 05:30:00 PM,2.303,0.0,,,
2084,01/30/22 05:35:00 PM,,0.0,,,
2085,01/30/22 05:40:00 PM,,0.0,,,
2086,01/30/22 05:45:00 PM,,0.0,,,
2087,01/30/22 05:50:00 PM,,0.0,,,
2088,01/30/22 05:55:00 PM,,0.0,,,
2089,01/30/22 06:00:00 PM,2.410,0.0,,,
2090,01/30/22 06:05:00 PM,,0.0,,,
2091,01/30/22 06:10:00 PM,,0.0,,,
2092,01/30/22 06:15:00 PM,,0.0,,,
2093,01/30/22 06:20:00 PM,,0.0,,,
2094,01/30/22 06:25:00 PM,,0.0,,,
2095,01/30/22 06:30:00 PM,2.303,0.0,,,
2096,01/30/22 06:35:00 PM,,0.0,,,
2097,01/30/22 06:40:00 PM,,0.0,,,
2098,01/30/22 06:45:00 PM,,0.0,,,
2099,01/30/22 06:50:00 PM,,0.0,,,
2100,01/30/22 06:55:00 PM,,0.0,,,
2101,01/30/22 07:00:00 PM,1.980,0.0,,,
2102,01/30/22 07:05:00 PM,,0.0,,,
2103,01/30/22 07:10:00 PM,,0.0,,,
2104,01/30/22 07:15:00 PM,,0.0,,,
2105,01/30/22 07:20:00 PM,,0.0,,,
2106,01/30/22 07:25:00 PM,,0.0,,,
2107,01/30/22 07:30:00 PM,1.330,0.0,,,
2108,01/30/22 07:35:00 PM,,0.0,,,
2109,01/30/22 07:40:00 PM,,0.0,,,
2110,01/30/22 07:45:00 PM,,0.0,,,
2111,01/30/22 07:50:00 PM,,0.0,,,
2112,01/30/22 07:55:00 PM,,0.0,,,
2113,01/30/22 08:00:00 PM,0.784,0.0,,,
2114,01/30/22 08:05:00 PM,,0.0,,,
2115,01/30/22 08:10:00 PM,,0.0,,,
2116,01/30/22 08:15:00 PM,,0.0,,,
2117,01/30/22 08:20:00 PM,,0.0,,,
2118,01/30/22 08:25:00 PM,,0.0,,,
2119,01/30/22 08:30:00 PM,0.893,0.0,,,
2120,01/30/22 08:35:00 PM,,0.0,,,
2121,01/30/22 08:40:00 PM,,0.0,,,
2122,01/30/22 08:45:00 PM,,0.0,,,
2123,01/30/22 08:50:00 PM,,0.0,,,
2124,01/30/22 08:55:00 PM,,0.0,,,
2125,01/30/22 09:00:00 PM,0.784,0.0,,,
2126,01/30/22 09:05:00 PM,,0.0,,,
2127,01/30/22 09:10:00 PM,,0.0,,,
2128,01/30/22 09:15:00 PM,,0.0,,,
2129,01/30/22 09:20:00 PM,,0.0,,,
2130,01/30/22 09:25:00 PM,,0.0,,,
2131,01/30/22 09:30:00 PM,0.563,0.0,,,
2132,01/30/22 09:35:00 PM,,0.0,,,
2133,01/30/22 09:40:00 PM,,0.0,,,
2134,01/30/22 09:45:00 PM,,0.0,,,
2135,01/30/22 09:50:00 PM,,0.0,,,
2136,01/30/22 09:55:00 PM,,0.0,,,
2137,01/30/22 10:00:00 PM,0.893,0.0,,,
2138,01/30/22 10:05:00 PM,,0.0,,,
2139,01/30/22 10:10:00 PM,,0.0,,,
2140,01/30/22 10:15:00 PM,,0.0,,,
2141,01/30/22 10:20:00 PM,,0.0,,,
2142,01/30/22 10:25:00 PM,,0.0,,,
2143,01/30/22 10:30:00 PM,1.112,0.0,,,
2144,01/30/22 10:35:00 PM,,0.0,,,
2145,01/30/22 10:40:00 PM,,0.0,,,
2146,01/30/22 10:45:00 PM,,0.0,,,
2147,01/30/22 10:50:00 PM,,0.0,,,
2148,01/30/22 10:55:00 PM,,0.0,,,
2149,01/30/22 11:00:00 PM,1.872,0.0,,,
2150,01/30/22 11:05:00 PM,,0.0,,,
2151,01/30/22 11:10:00 PM,,0.0,,,
2152,01/30/22 11:15:00 PM,,0.0,,,
2153,01/30/22 11:20:00 PM,,0.0,,,
2154,01/30/22 11:25:00 PM,,0.0,,,
2155,01/30/22 11:30:00 PM,2.410,0.0,,,
2156,01/30/22 11:35:00 PM,,0.0,,,
2157,01/30/22 11:40:00 PM,,0.0,,,
2158,01/30/22 11:45:00 PM,,0.0,,,
2159,01/30/22 11:50:00 PM,,0.0,,,
2160,01/30/22 11:55:00 PM,,0.0,,,
2161,01/31/22 12:00:00 AM,2.624,0.0,,,
2162,01/31/22 12:05:00 AM,,0.0,,,
2163,01/31/22 12:10:00 AM,,0.0,,,
2164,01/31/22 12:15:00 AM,,0.0,,,
2165,01/31/22 12:20:00 AM,,0.0,,,
2166,01/31/22 12:25:00 AM,,0.0,,,
2167,01/31/22 12:30:00 AM,3.261,0.0,,,
2168,01/31/22 12:35:00 AM,,0.0,,,
2169,01/31/22 12:40:00 AM,,0.0,,,
2170,01/31/22 12:45:00 AM,,0.0,,,
2171,01/31/22 12:50:00 AM,,0.0,,,
2172,01/31/22 12:55:00 AM,,0.0,,,
2173,01/31/22 01:00:00 AM,2.943,0.0,,,
2174,01/31/22 01:05:00 AM,,0.0,,,
2175,01/31/22 01:10:00 AM,,0.0,,,
2176,01/31/22 01:15:00 AM,,0.0,,,
2177,01/31/22 01:20:00 AM,,0.0,,,
2178,01/31/22 01:25:00 AM,,0.0,,,
2179,01/31/22 01:30:00 AM,2.837,0.0,,,
2180,01/31/22 01:35:00 AM,,0.0,,,
2181,01/31/22 01:40:00 AM,,0.0,,,
2182,01/31/22 01:45:00 AM,,0.0,,,
2183,01/31/22 01:50:00 AM,,0.0,,,
2184,01/31/22 01:55:00 AM,,0.0,,,
2185,01/31/22 02:00:00 AM,3.049,0.0,,,
2186,01/31/22 02:05:00 AM,,0.0,,,
2187,01/31/22 02:10:00 AM,,0.0,,,
2188,01/31/22 02:15:00 AM,,0.0,,,
2189,01/31/22 02:20:00 AM,,0.0,,,
2190,01/31/22 02:25:00 AM,,0.0,,,
2191,01/31/22 02:30:00 AM,3.155,0.0,,,
2192,01/31/22 02:35:00 AM,,0.0,,,
2193,01/31/22 02:40:00 AM,,0.0,,,
2194,01/31/22 02:45:00 AM,,0.0,,,
2195,01/31/22 02:50:00 AM,,0.0,,,
2196,01/31/22 02:55:00 AM,,0.0,,,
2197,01/31/22 03:00:00 AM,3.472,0.0,,,
2198,01/31/22 03:05:00 AM,,0.0,,,
2199,01/31/22 03:10:00 AM,,0.0,,,
2200,01/31/22 03:15:00 AM,,0.0,,,
2201,01/31/22 03:20:00 AM,,0.0,,,
2202,01/31/22 03:25:00 AM,,0.0,,,
2203,01/31/22 03:30:00 AM,3.367,0.0,,,
2204,01/31/22 03:35:00 AM,,0.0,,,
2205,01/31/22 03:40:00 AM,,0.0,,,
2206,01/31/22 03:45:00 AM,,0.0,,,
2207,01/31/22 03:50:00 AM,,0.0,,,
2208,01/31/22 03:55:00 AM,,0.0,,,
2209,01/31/22 04:00:00 AM,3.893,0.0,,,
2210,01/31/22 04:05:00 AM,,0.0,,,
2211,01/31/22 04:10:00 AM,,0.0,,,
2212,01/31/22 04:15:00 AM,,0.0,,,
2213,01/31/22 04:20:00 AM,,0.0,,,
2214,01/31/22 04:25:00 AM,,0.0,,,
2215,01/31/22 04:30:00 AM,4.102,0.0,,,
2216,01/31/22 04:35:00 AM,,0.0,,,
2217,01/31/22 04:40:00 AM,,0.0,,,
2218,01/31/22 04:45:00 AM,,0.0,,,
2219,01/31/22 04:50:00 AM,,0.0,,,
2220,01/31/22 04:55:00 AM,,0.0,,,
2221,01/31/22 05:00:00 AM,4.207,0.0,,,
2222,01/31/22 05:05:00 AM,,0.0,,,
2223,01/31/22 05:10:00 AM,,0.0,,,
2224,01/31/22 05:15:00 AM,,0.0,,,
2225,01/31/22 05:20:00 AM,,0.0,,,
2226,01/31/22 05:25:00 AM,,0.0,,,
2227,01/31/22 05:30:00 AM,3.998,0.0,,,
2228,01/31/22 05:35:00 AM,,0.0,,,
2229,01/31/22 05:40:00 AM,,0.0,,,
2230,01/31/22 05:45:00 AM,,0.0,,,
2231,01/31/22 05:50:00 AM,,0.0,,,
2232,01/31/22 05:55:00 AM,,0.0,,,
2233,01/31/22 06:00:00 AM,3.998,0.0,,,
2234,01/31/22 06:05:00 AM,,0.0,,,
2235,01/31/22 06:10:00 AM,,0.0,,,
2236,01/31/22 06:15:00 AM,,0.0,,,
2237,01/31/22 06:20:00 AM,,0.0,,,
2238,01/31/22 06:25:00 AM,,0.0,,,
2239,01/31/22 06:30:00 AM,4.102,0.2,,,
2240,01/31/22 06:35:00 AM,,0.0,,,
2241,01/31/22 06:40:00 AM,,0.2,,,
2242,01/31/22 06:45:00 AM,,0.4,,,
2243,01/31/22 06:50:00 AM,,0.0,,,
2244,01/31/22 06:55:00 AM,,0.2,,,
2245,01/31/22 07:00:00 AM,2.837,0.2,,,
2246,01/31/22 07:05:00 AM,,0.4,,,
2247,01/31/22 07:10:00 AM,,0.2,,,
2248,01/31/22 07:15:00 AM,,0.2,,,
2249,01/31/22 07:20:00 AM,,0.2,,,
2250,01/31/22 07:25:00 AM,,0.4,,,
2251,01/31/22 07:30:00 AM,2.624,0.2,,,
2252,01/31/22 07:35:00 AM,,0.2,,,
2253,01/31/22 07:40:00 AM,,0.2,,,
2254,01/31/22 07:45:00 AM,,0.2,,,
2255,01/31/22 07:50:00 AM,,0.0,,,
2256,01/31/22 07:55:00 AM,,0.0,,,
2257,01/31/22 08:00:00 AM,2.730,0.2,,,
2258,01/31/22 08:05:00 AM,,0.4,,,
2259,01/31/22 08:10:00 AM,,0.2,,,
2260,01/31/22 08:15:00 AM,,0.2,,,
2261,01/31/22 08:20:00 AM,,0.0,,,
2262,01/31/22 08:25:00 AM,,0.2,,,
2263,01/31/22 08:30:00 AM,2.730,0.4,,,
2264,01/31/22 08:35:00 AM,,0.0,,,
2265,01/31/22 08:40:00 AM,,0.0,,,
2266,01/31/22 08:45:00 AM,,0.0,,,
2267,01/31/22 08:50:00 AM,,0.0,,,
2268,01/31/22 08:55:00 AM,,0.0,,,
2269,01/31/22 09:00:00 AM,2.837,0.0,,,
2270,01/31/22 09:05:00 AM,,0.0,,,
2271,01/31/22 09:10:00 AM,,0.0,,,
2272,01/31/22 09:15:00 AM,,0.0,,,
2273,01/31/22 09:20:00 AM,,0.0,,,
2274,01/31/22 09:25:00 AM,,0.0,,,
2275,01/31/22 09:30:00 AM,3.261,0.0,,,
2276,01/31/22 09:35:00 AM,,0.0,,,
2277,01/31/22 09:40:00 AM,,0.0,,,
2278,01/31/22 09:45:00 AM,,0.0,,,
2279,01/31/22 09:50:00 AM,,0.0,,,
2280,01/31/22 09:55:00 AM,,0.0,,,
2281,01/31/22 10:00:00 AM,3.261,0.0,,,
2282,01/31/22 10:05:00 AM,,0.0,,,
2283,01/31/22 10:10:00 AM,,0.0,,,
2284,01/31/22 10:15:00 AM,,0.0,,,
2285,01/31/22 10:20:00 AM,,0.0,,,
2286,01/31/22 10:25:00 AM,,0.0,,,
2287,01/31/22 10:30:00 AM,3.367,0.0,,,
2288,01/31/22 10:35:00 AM,,0.0,,,
2289,01/31/22 10:40:00 AM,,0.0,,,
2290,01/31/22 10:45:00 AM,,0.0,,,
2291,01/31/22 10:50:00 AM,,0.0,,,
2292,01/31/22 10:55:00 AM,,0.0,,,
2293,01/31/22 11:00:00 AM,3.893,0.0,,,
2294,01/31/22 11:05:00 AM,,0.0,,,
2295,01/31/22 11:10:00 AM,,0.0,,,
2296,01/31/22 11:15:00 AM,,0.0,,,
2297,01/31/22 11:20:00 AM,,0.2,,,
2298,01/31/22 11:25:00 AM,,0.0,,,
2299,01/31/22 11:30:00 AM,4.102,0.0,,,
2300,01/31/22 11:35:00 AM,,0.0,,,
2301,01/31/22 11:40:00 AM,,0.0,,,
2302,01/31/22 11:45:00 AM,,0.0,,,
2303,01/31/22 11:50:00 AM,,0.0,,,
2304,01/31/22 11:55:00 AM,,0.0,,,
2305,01/31/22 12:00:00 PM,3.788,0.0,,,
2306,01/31/22 12:05:00 PM,,0.0,,,
2307,01/31/22 12:10:00 PM,,0.0,,,
2308,01/31/22 12:15:00 PM,,0.0,,,
2309,01/31/22 12:20:00 PM,,0.0,,,
2310,01/31/22 12:25:00 PM,,0.0,,,
2311,01/31/22 12:30:00 PM,4.207,0.0,,,
2312,01/31/22 12:35:00 PM,,0.0,,,
2313,01/31/22 12:40:00 PM,,0.0,,,
2314,01/31/22 12:45:00 PM,,0.0,,,
2315,01/31/22 12:50:00 PM,,0.0,,,
2316,01/31/22 12:55:00 PM,,0.0,,,
2317,01/31/22 01:00:00 PM,4.207,0.0,,,
2318,01/31/22 01:05:00 PM,,0.0,,,
2319,01/31/22 01:10:00 PM,,0.0,,,
2320,01/31/22 01:15:00 PM,,0.0,,,
2321,01/31/22 01:20:00 PM,,0.0,,,
2322,01/31/22 01:25:00 PM,,0.0,,,
2323,01/31/22 01:30:00 PM,4.311,0.0,,,
2324,01/31/22 01:35:00 PM,,0.0,,,
2325,01/31/22 01:40:00 PM,,0.0,,,
2326,01/31/22 01:45:00 PM,,0.0,,,
2327,01/31/22 01:50:00 PM,,0.0,,,
2328,01/31/22 01:55:00 PM,,0.0,,,
2329,01/31/22 02:00:00 PM,4.102,0.0,,,
2330,01/31/22 02:05:00 PM,,0.0,,,
2331,01/31/22 02:10:00 PM,,0.0,,,
2332,01/31/22 02:15:00 PM,,0.0,,,
2333,01/31/22 02:20:00 PM,,0.0,,,
2334,01/31/22 02:25:00 PM,,0.0,,,
2335,01/31/22 02:30:00 PM,4.311,0.0,,,
2336,01/31/22 02:35:00 PM,,0.0,,,
2337,01/31/22 02:40:00 PM,,0.0,,,
2338,01/31/22 02:45:00 PM,,0.0,,,
2339,01/31/22 02:50:00 PM,,0.0,,,
2340,01/31/22 02:55:00 PM,,0.0,,,
2341,01/31/22 03:00:00 PM,4.207,0.0,,,
2342,01/31/22 03:05:00 PM,,0.0,,,
2343,01/31/22 03:10:00 PM,,0.0,,,
2344,01/31/22 03:15:00 PM,,0.0,,,
2345,01/31/22 03:20:00 PM,,0.0,,,
2346,01/31/22 03:25:00 PM,,0.0,,,
2347,01/31/22 03:30:00 PM,4.102,0.0,,,
2348,01/31/22 03:35:00 PM,,0.0,,,
2349,01/31/22 03:40:00 PM,,0.0,,,
2350,01/31/22 03:45:00 PM,,0.0,,,
2351,01/31/22 03:50:00 PM,,0.0,,,
2352,01/31/22 03:55:00 PM,,0.0,,,
2353,01/31/22 04:00:00 PM,4.102,0.0,,,
2354,01/31/22 04:05:00 PM,,0.0,,,
2355,01/31/22 04:10:00 PM,,0.0,,,
2356,01/31/22 04:15:00 PM,,0.0,,,
2357,01/31/22 04:20:00 PM,,0.0,,,
2358,01/31/22 04:25:00 PM,,0.0,,,
2359,01/31/22 04:30:00 PM,3.683,0.0,,,
2360,01/31/22 04:35:00 PM,,0.0,,,
2361,01/31/22 04:40:00 PM,,0.0,,,
2362,01/31/22 04:45:00 PM,,0.0,,,
2363,01/31/22 04:50:00 PM,,0.0,,,
2364,01/31/22 04:55:00 PM,,0.0,,,
2365,01/31/22 05:00:00 PM,3.472,0.0,,,
2366,01/31/22 05:05:00 PM,,0.0,,,
2367,01/31/22 05:10:00 PM,,0.0,,,
2368,01/31/22 05:15:00 PM,,0.0,,,
2369,01/31/22 05:20:00 PM,,0.0,,,
2370,01/31/22 05:25:00 PM,,0.0,,,
2371,01/31/22 05:30:00 PM,3.261,0.0,,,
2372,01/31/22 05:35:00 PM,,0.0,,,
2373,01/31/22 05:40:00 PM,,0.0,,,
2374,01/31/22 05:45:00 PM,,0.0,,,
2375,01/31/22 05:50:00 PM,,0.0,,,
2376,01/31/22 05:55:00 PM,,0.0,,,
2377,01/31/22 06:00:00 PM,3.367,0.0,,,
2378,01/31/22 06:05:00 PM,,0.0,,,
2379,01/31/22 06:10:00 PM,,0.0,,,
2380,01/31/22 06:15:00 PM,,0.0,,,
2381,01/31/22 06:20:00 PM,,0.0,,,
2382,01/31/22 06:25:00 PM,,0.0,,,
2383,01/31/22 06:30:00 PM,3.049,0.0,,,
2384,01/31/22 06:35:00 PM,,0.0,,,
2385,01/31/22 06:40:00 PM,,0.0,,,
2386,01/31/22 06:45:00 PM,,0.0,,,
2387,01/31/22 06:50:00 PM,,0.0,,,
2388,01/31/22 06:55:00 PM,,0.0,,,
2389,01/31/22 07:00:00 PM,3.049,0.0,,,
2390,01/31/22 07:05:00 PM,,0.0,,,
2391,01/31/22 07:10:00 PM,,0.0,,,
2392,01/31/22 07:15:00 PM,,0.0,,,
2393,01/31/22 07:20:00 PM,,0.0,,,
2394,01/31/22 07:25:00 PM,,0.0,,,
2395,01/31/22 07:30:00 PM,2.837,0.0,,,
2396,01/31/22 07:35:00 PM,,0.0,,,
2397,01/31/22 07:40:00 PM,,0.0,,,
2398,01/31/22 07:45:00 PM,,0.0,,,
2399,01/31/22 07:50:00 PM,,0.0,,,
2400,01/31/22 07:55:00 PM,,0.0,,,
2401,01/31/22 08:00:00 PM,2.837,0.0,,,
2402,01/31/22 08:05:00 PM,,0.0,,,
2403,01/31/22 08:10:00 PM,,0.0,,,
2404,01/31/22 08:15:00 PM,,0.0,,,
2405,01/31/22 08:20:00 PM,,0.0,,,
2406,01/31/22 08:25:00 PM,,0.0,,,
2407,01/31/22 08:30:00 PM,2.730,0.0,,,
2408,01/31/22 08:35:00 PM,,0.0,,,
2409,01/31/22 08:40:00 PM,,0.0,,,
2410,01/31/22 08:45:00 PM,,0.0,,,
2411,01/31/22 08:50:00 PM,,0.0,,,
2412,01/31/22 08:55:00 PM,,0.0,,,
2413,01/31/22 09:00:00 PM,2.303,0.0,,,
2414,01/31/22 09:05:00 PM,,0.0,,,
2415,01/31/22 09:10:00 PM,,0.0,,,
2416,01/31/22 09:15:00 PM,,0.0,,,
2417,01/31/22 09:20:00 PM,,0.0,,,
2418,01/31/22 09:25:00 PM,,0.0,,,
2419,01/31/22 09:30:00 PM,2.303,0.0,,,
2420,01/31/22 09:35:00 PM,,0.0,,,
2421,01/31/22 09:40:00 PM,,0.0,,,
2422,01/31/22 09:45:00 PM,,0.0,,,
2423,01/31/22 09:50:00 PM,,0.0,,,
2424,01/31/22 09:55:00 PM,,0.0,,,
2425,01/31/22 10:00:00 PM,2.303,0.0,,,
2426,01/31/22 10:05:00 PM,,0.0,,,
2427,01/31/22 10:10:00 PM,,0.0,,,
2428,01/31/22 10:15:00 PM,,0.0,,,
2429,01/31/22 10:20:00 PM,,0.0,,,
2430,01/31/22 10:25:00 PM,,0.0,,,
2431,01/31/22 10:30:00 PM,2.195,0.0,,,
2432,01/31/22 10:35:00 PM,,0.0,,,
2433,01/31/22 10:40:00 PM,,0.0,,,
2434,01/31/22 10:45:00 PM,,0.0,,,
2435,01/31/22 10:50:00 PM,,0.0,,,
2436,01/31/22 10:55:00 PM,,0.0,,,
2437,01/31/22 11:00:00 PM,2.195,0.0,,,
2438,01/31/22 11:05:00 PM,,0.0,,,
2439,01/31/22 11:10:00 PM,,0.0,,,
2440,01/31/22 11:15:00 PM,,0.0,,,
2441,01/31/22 11:20:00 PM,,0.0,,,
2442,01/31/22 11:25:00 PM,,0.2,,,
2443,01/31/22 11:30:00 PM,2.303,0.0,,,
2444,01/31/22 11:35:00 PM,,0.0,,,
2445,01/31/22 11:40:00 PM,,0.0,,,
2446,01/31/22 11:45:00 PM,,0.0,,,
2447,01/31/22 11:50:00 PM,,0.0,,,
2448,01/31/22 11:55:00 PM,,0.0,,,
2449,02/01/22 12:00:00 AM,2.303,0.0,,,
2450,02/01/22 12:05:00 AM,,0.0,,,
2451,02/01/22 12:10:00 AM,,0.0,,,
2452,02/01/22 12:15:00 AM,,0.0,,,
2453,02/01/22 12:20:00 AM,,0.0,,,
2454,02/01/22 12:25:00 AM,,0.0,,,
2455,02/01/22 12:30:00 AM,2.195,0.0,,,
2456,02/01/22 12:35:00 AM,,0.0,,,
2457,02/01/22 12:40:00 AM,,0.0,,,
2458,02/01/22 12:45:00 AM,,0.0,,,
2459,02/01/22 12:50:00 AM,,0.0,,,
2460,02/01/22 12:55:00 AM,,0.0,,,
2461,02/01/22 01:00:00 AM,2.303,0.0,,,
2462,02/01/22 01:05:00 AM,,0.0,,,
2463,02/01/22 01:10:00 AM,,0.0,,,
2464,02/01/22 01:15:00 AM,,0.0,,,
2465,02/01/22 01:20:00 AM,,0.0,,,
2466,02/01/22 01:25:00 AM,,0.0,,,
2467,02/01/22 01:30:00 AM,2.303,0.0,,,
2468,02/01/22 01:35:00 AM,,0.0,,,
2469,02/01/22 01:40:00 AM,,0.0,,,
2470,02/01/22 01:45:00 AM,,0.0,,,
2471,02/01/22 01:50:00 AM,,0.0,,,
2472,02/01/22 01:55:00 AM,,0.0,,,
2473,02/01/22 02:00:00 AM,2.195,0.0,,,
2474,02/01/22 02:05:00 AM,,0.0,,,
2475,02/01/22 02:10:00 AM,,0.0,,,
2476,02/01/22 02:15:00 AM,,0.0,,,
2477,02/01/22 02:20:00 AM,,0.0,,,
2478,02/01/22 02:25:00 AM,,0.0,,,
2479,02/01/22 02:30:00 AM,1.980,0.0,,,
2480,02/01/22 02:35:00 AM,,0.0,,,
2481,02/01/22 02:40:00 AM,,0.0,,,
2482,02/01/22 02:45:00 AM,,0.0,,,
2483,02/01/22 02:50:00 AM,,0.0,,,
2484,02/01/22 02:55:00 AM,,0.0,,,
2485,02/01/22 03:00:00 AM,1.980,0.0,,,
2486,02/01/22 03:05:00 AM,,0.0,,,
2487,02/01/22 03:10:00 AM,,0.0,,,
2488,02/01/22 03:15:00 AM,,0.0,,,
2489,02/01/22 03:20:00 AM,,0.0,,,
2490,02/01/22 03:25:00 AM,,0.0,,,
2491,02/01/22 03:30:00 AM,1.764,0.0,,,
2492,02/01/22 03:35:00 AM,,0.0,,,
2493,02/01/22 03:40:00 AM,,0.0,,,
2494,02/01/22 03:45:00 AM,,0.0,,,
2495,02/01/22 03:50:00 AM,,0.0,,,
2496,02/01/22 03:55:00 AM,,0.0,,,
2497,02/01/22 04:00:00 AM,1.764,0.0,,,
2498,02/01/22 04:05:00 AM,,0.0,,,
2499,02/01/22 04:10:00 AM,,0.0,,,
2500,02/01/22 04:15:00 AM,,0.0,,,
2501,02/01/22 04:20:00 AM,,0.0,,,
2502,02/01/22 04:25:00 AM,,0.0,,,
2503,02/01/22 04:30:00 AM,1.656,0.0,,,
2504,02/01/22 04:35:00 AM,,0.0,,,
2505,02/01/22 04:40:00 AM,,0.0,,,
2506,02/01/22 04:45:00 AM,,0.0,,,
2507,02/01/22 04:50:00 AM,,0.0,,,
2508,02/01/22 04:55:00 AM,,0.0,,,
2509,02/01/22 05:00:00 AM,1.548,0.0,,,
2510,02/01/22 05:05:00 AM,,0.0,,,
2511,02/01/22 05:10:00 AM,,0.0,,,
2512,02/01/22 05:15:00 AM,,0.0,,,
2513,02/01/22 05:20:00 AM,,0.0,,,
2514,02/01/22 05:25:00 AM,,0.0,,,
2515,02/01/22 05:30:00 AM,1.439,0.0,,,
2516,02/01/22 05:35:00 AM,,0.0,,,
2517,02/01/22 05:40:00 AM,,0.0,,,
2518,02/01/22 05:45:00 AM,,0.0,,,
2519,02/01/22 05:50:00 AM,,0.0,,,
2520,02/01/22 05:55:00 AM,,0.0,,,
2521,02/01/22 06:00:00 AM,1.330,0.0,,,
2522,02/01/22 06:05:00 AM,,0.0,,,
2523,02/01/22 06:10:00 AM,,0.0,,,
2524,02/01/22 06:15:00 AM,,0.0,,,
2525,02/01/22 06:20:00 AM,,0.0,,,
2526,02/01/22 06:25:00 AM,,0.0,,,
2527,02/01/22 06:30:00 AM,1.221,0.0,,,
2528,02/01/22 06:35:00 AM,,0.0,,,
2529,02/01/22 06:40:00 AM,,0.0,,,
2530,02/01/22 06:45:00 AM,,0.0,,,
2531,02/01/22 06:50:00 AM,,0.0,,,
2532,02/01/22 06:55:00 AM,,0.0,,,
2533,02/01/22 07:00:00 AM,1.112,0.0,,,
2534,02/01/22 07:05:00 AM,,0.0,,,
2535,02/01/22 07:10:00 AM,,0.0,,,
2536,02/01/22 07:15:00 AM,,0.0,,,
2537,02/01/22 07:20:00 AM,,0.0,,,
2538,02/01/22 07:25:00 AM,,0.0,,,
2539,02/01/22 07:30:00 AM,1.221,0.0,,,
2540,02/01/22 07:35:00 AM,,0.0,,,
2541,02/01/22 07:40:00 AM,,0.0,,,
2542,02/01/22 07:45:00 AM,,0.0,,,
2543,02/01/22 07:50:00 AM,,0.0,,,
2544,02/01/22 07:55:00 AM,,0.0,,,
2545,02/01/22 08:00:00 AM,1.221,0.0,,,
2546,02/01/22 08:05:00 AM,,0.0,,,
2547,02/01/22 08:10:00 AM,,0.0,,,
2548,02/01/22 08:15:00 AM,,0.0,,,
2549,02/01/22 08:20:00 AM,,0.0,,,
2550,02/01/22 08:25:00 AM,,0.0,,,
2551,02/01/22 08:30:00 AM,1.439,0.0,,,
2552,02/01/22 08:35:00 AM,,0.0,,,
2553,02/01/22 08:40:00 AM,,0.0,,,
2554,02/01/22 08:45:00 AM,,0.0,,,
2555,02/01/22 08:50:00 AM,,0.0,,,
2556,02/01/22 08:55:00 AM,,0.0,,,
2557,02/01/22 09:00:00 AM,1.872,0.0,,,
2558,02/01/22 09:05:00 AM,,0.0,,,
2559,02/01/22 09:10:00 AM,,0.0,,,
2560,02/01/22 09:15:00 AM,,0.0,,,
2561,02/01/22 09:20:00 AM,,0.0,,,
2562,02/01/22 09:25:00 AM,,0.0,,,
2563,02/01/22 09:30:00 AM,2.303,0.0,,,
2564,02/01/22 09:35:00 AM,,0.0,,,
2565,02/01/22 09:40:00 AM,,0.0,,,
2566,02/01/22 09:45:00 AM,,0.0,,,
2567,02/01/22 09:50:00 AM,,0.0,,,
2568,02/01/22 09:55:00 AM,,0.0,,,
2569,02/01/22 10:00:00 AM,2.943,0.0,,,
2570,02/01/22 10:05:00 AM,,0.0,,,
2571,02/01/22 10:10:00 AM,,0.0,,,
2572,02/01/22 10:15:00 AM,,0.0,,,
2573,02/01/22 10:20:00 AM,,0.0,,,
2574,02/01/22 10:25:00 AM,,0.0,,,
2575,02/01/22 10:30:00 AM,2.730,0.0,,,
2576,02/01/22 10:35:00 AM,,0.0,,,
2577,02/01/22 10:40:00 AM,,0.0,,,
2578,02/01/22 10:45:00 AM,,0.0,,,
2579,02/01/22 10:50:00 AM,,0.0,,,
2580,02/01/22 10:55:00 AM,,0.0,,,
2581,02/01/22 11:00:00 AM,2.624,0.0,,,
2582,02/01/22 11:05:00 AM,,0.0,,,
2583,02/01/22 11:10:00 AM,,0.0,,,
2584,02/01/22 11:15:00 AM,,0.0,,,
2585,02/01/22 11:20:00 AM,,0.0,,,
2586,02/01/22 11:25:00 AM,,0.0,,,
2587,02/01/22 11:30:00 AM,2.088,0.0,,,
2588,02/01/22 11:35:00 AM,,0.0,,,
2589,02/01/22 11:40:00 AM,,0.0,,,
2590,02/01/22 11:45:00 AM,,0.0,,,
2591,02/01/22 11:50:00 AM,,0.0,,,
2592,02/01/22 11:55:00 AM,,0.0,,,
2593,02/01/22 12:00:00 PM,1.656,0.2,,,
2594,02/01/22 12:05:00 PM,,0.0,,,
2595,02/01/22 12:10:00 PM,,0.0,,,
2596,02/01/22 12:15:00 PM,,0.0,,,
2597,02/01/22 12:20:00 PM,,0.0,,,
2598,02/01/22 12:25:00 PM,,0.0,,,
2599,02/01/22 12:30:00 PM,2.195,0.0,,,
2600,02/01/22 12:35:00 PM,,0.0,,,
2601,02/01/22 12:40:00 PM,,0.0,,,
2602,02/01/22 12:45:00 PM,,0.0,,,
2603,02/01/22 12:50:00 PM,,0.0,,,
2604,02/01/22 12:55:00 PM,,0.0,,,
2605,02/01/22 01:00:00 PM,1.872,0.0,,,
2606,02/01/22 01:05:00 PM,,0.0,,,
2607,02/01/22 01:10:00 PM,,0.0,,,
2608,02/01/22 01:15:00 PM,,0.0,,,
2609,02/01/22 01:20:00 PM,,0.0,,,
2610,02/01/22 01:25:00 PM,,0.0,,,
2611,02/01/22 01:30:00 PM,1.656,0.0,,,
2612,02/01/22 01:35:00 PM,,0.0,,,
2613,02/01/22 01:40:00 PM,,0.0,,,
2614,02/01/22 01:45:00 PM,,0.0,,,
2615,02/01/22 01:50:00 PM,,0.0,,,
2616,02/01/22 01:55:00 PM,,0.0,,,
2617,02/01/22 02:00:00 PM,1.656,0.0,,,
2618,02/01/22 02:05:00 PM,,0.2,,,
2619,02/01/22 02:10:00 PM,,0.0,,,
2620,02/01/22 02:15:00 PM,,0.0,,,
2621,02/01/22 02:20:00 PM,,0.0,,,
2622,02/01/22 02:25:00 PM,,0.0,,,
2623,02/01/22 02:30:00 PM,1.439,0.0,,,
2624,02/01/22 02:35:00 PM,,0.0,,,
2625,02/01/22 02:40:00 PM,,0.0,,,
2626,02/01/22 02:45:00 PM,,0.2,,,
2627,02/01/22 02:50:00 PM,,0.0,,,
2628,02/01/22 02:55:00 PM,,0.0,,,
2629,02/01/22 03:00:00 PM,1.330,0.2,,,
2630,02/01/22 03:05:00 PM,,0.0,,,
2631,02/01/22 03:10:00 PM,,0.0,,,
2632,02/01/22 03:15:00 PM,,0.0,,,
2633,02/01/22 03:20:00 PM,,0.2,,,
2634,02/01/22 03:25:00 PM,,0.0,,,
2635,02/01/22 03:30:00 PM,1.656,0.0,,,
2636,02/01/22 03:35:00 PM,,0.0,,,
2637,02/01/22 03:40:00 PM,,0.0,,,
2638,02/01/22 03:45:00 PM,,0.2,,,
2639,02/01/22 03:50:00 PM,,0.0,,,
2640,02/01/22 03:55:00 PM,,0.0,,,
2641,02/01/22 04:00:00 PM,2.088,0.0,,,
2642,02/01/22 04:05:00 PM,,0.0,,,
2643,02/01/22 04:10:00 PM,,0.0,,,
2644,02/01/22 04:15:00 PM,,0.0,,,
2645,02/01/22 04:20:00 PM,,0.0,,,
2646,02/01/22 04:25:00 PM,,0.0,,,
2647,02/01/22 04:30:00 PM,2.624,0.0,,,
2648,02/01/22 04:35:00 PM,,0.0,,,
2649,02/01/22 04:40:00 PM,,0.0,,,
2650,02/01/22 04:45:00 PM,,0.0,,,
2651,02/01/22 04:50:00 PM,,0.2,,,
2652,02/01/22 04:55:00 PM,,0.0,,,
2653,02/01/22 05:00:00 PM,2.730,0.0,,,
2654,02/01/22 05:05:00 PM,,0.0,,,
2655,02/01/22 05:10:00 PM,,0.0,,,
2656,02/01/22 05:15:00 PM,,0.0,,,
2657,02/01/22 05:20:00 PM,,0.0,,,
2658,02/01/22 05:25:00 PM,,0.0,,,
2659,02/01/22 05:30:00 PM,2.943,0.0,,,
2660,02/01/22 05:35:00 PM,,0.0,,,
2661,02/01/22 05:40:00 PM,,0.0,,,
2662,02/01/22 05:45:00 PM,,0.0,,,
2663,02/01/22 05:50:00 PM,,0.2,,,
2664,02/01/22 05:55:00 PM,,0.0,,,
2665,02/01/22 06:00:00 PM,2.943,0.0,,,
2666,02/01/22 06:05:00 PM,,0.0,,,
2667,02/01/22 06:10:00 PM,,0.2,,,
2668,02/01/22 06:15:00 PM,,0.0,,,
2669,02/01/22 06:20:00 PM,,0.0,,,
2670,02/01/22 06:25:00 PM,,0.0,,,
2671,02/01/22 06:30:00 PM,2.837,0.2,,,
2672,02/01/22 06:35:00 PM,,0.0,,,
2673,02/01/22 06:40:00 PM,,0.0,,,
2674,02/01/22 06:45:00 PM,,0.2,,,
2675,02/01/22 06:50:00 PM,,0.0,,,
2676,02/01/22 06:55:00 PM,,0.0,,,
2677,02/01/22 07:00:00 PM,2.943,0.2,,,
2678,02/01/22 07:05:00 PM,,0.0,,,
2679,02/01/22 07:10:00 PM,,0.0,,,
2680,02/01/22 07:15:00 PM,,0.0,,,
2681,02/01/22 07:20:00 PM,,0.2,,,
2682,02/01/22 07:25:00 PM,,0.0,,,
2683,02/01/22 07:30:00 PM,3.261,0.0,,,
2684,02/01/22 07:35:00 PM,,0.0,,,
2685,02/01/22 07:40:00 PM,,0.0,,,
2686,02/01/22 07:45:00 PM,,0.0,,,
2687,02/01/22 07:50:00 PM,,0.0,,,
2688,02/01/22 07:55:00 PM,,0.2,,,
2689,02/01/22 08:00:00 PM,3.683,0.0,,,
2690,02/01/22 08:05:00 PM,,0.2,,,
2691,02/01/22 08:10:00 PM,,0.2,,,
2692,02/01/22 08:15:00 PM,,0.0,,,
2693,02/01/22 08:20:00 PM,,0.2,,,
2694,02/01/22 08:25:00 PM,,0.0,,,
2695,02/01/22 08:30:00 PM,3.578,0.2,,,
2696,02/01/22 08:35:00 PM,,0.0,,,
2697,02/01/22 08:40:00 PM,,0.0,,,
2698,02/01/22 08:45:00 PM,,0.0,,,
2699,02/01/22 08:50:00 PM,,0.0,,,
2700,02/01/22 08:55:00 PM,,0.0,,,
2701,02/01/22 09:00:00 PM,3.893,0.0,,,
2702,02/01/22 09:05:00 PM,,0.0,,,
2703,02/01/22 09:10:00 PM,,0.0,,,
2704,02/01/22 09:15:00 PM,,0.2,,,
2705,02/01/22 09:20:00 PM,,0.2,,,
2706,02/01/22 09:25:00 PM,,0.0,,,
2707,02/01/22 09:30:00 PM,4.102,0.0,,,
2708,02/01/22 09:35:00 PM,,0.0,,,
2709,02/01/22 09:40:00 PM,,0.2,,,
2710,02/01/22 09:45:00 PM,,0.2,,,
2711,02/01/22 09:50:00 PM,,0.0,,,
2712,02/01/22 09:55:00 PM,,0.0,,,
2713,02/01/22 10:00:00 PM,4.207,0.0,,,
2714,02/01/22 10:05:00 PM,,0.0,,,
2715,02/01/22 10:10:00 PM,,0.0,,,
2716,02/01/22 10:15:00 PM,,0.0,,,
2717,02/01/22 10:20:00 PM,,0.0,,,
2718,02/01/22 10:25:00 PM,,0.0,,,
2719,02/01/22 10:30:00 PM,4.623,0.0,,,
2720,02/01/22 10:35:00 PM,,0.0,,,
2721,02/01/22 10:40:00 PM,,0.0,,,
2722,02/01/22 10:45:00 PM,,0.0,,,
2723,02/01/22 10:50:00 PM,,0.0,,,
2724,02/01/22 10:55:00 PM,,0.0,,,
2725,02/01/22 11:00:00 PM,5.037,0.0,,,
2726,02/01/22 11:05:00 PM,,0.0,,,
2727,02/01/22 11:10:00 PM,,0.0,,,
2728,02/01/22 11:15:00 PM,,0.0,,,
2729,02/01/22 11:20:00 PM,,0.0,,,
2730,02/01/22 11:25:00 PM,,0.0,,,
2731,02/01/22 11:30:00 PM,5.141,0.0,,,
2732,02/01/22 11:35:00 PM,,0.0,,,
2733,02/01/22 11:40:00 PM,,0.0,,,
2734,02/01/22 11:45:00 PM,,0.0,,,
2735,02/01/22 11:50:00 PM,,0.0,,,
2736,02/01/22 11:55:00 PM,,0.0,,,
2737,02/02/22 12:00:00 AM,5.347,0.0,,,
2738,02/02/22 12:05:00 AM,,0.0,,,
2739,02/02/22 12:10:00 AM,,0.0,,,
2740,02/02/22 12:15:00 AM,,0.0,,,
2741,02/02/22 12:20:00 AM,,0.0,,,
2742,02/02/22 12:25:00 AM,,0.0,,,
2743,02/02/22 12:30:00 AM,5.552,0.0,,,
2744,02/02/22 12:35:00 AM,,0.0,,,
2745,02/02/22 12:40:00 AM,,0.0,,,
2746,02/02/22 12:45:00 AM,,0.0,,,
2747,02/02/22 12:50:00 AM,,0.0,,,
2748,02/02/22 12:55:00 AM,,0.0,,,
2749,02/02/22 01:00:00 AM,5.552,0.0,,,
2750,02/02/22 01:05:00 AM,,0.0,,,
2751,02/02/22 01:10:00 AM,,0.0,,,
2752,02/02/22 01:15:00 AM,,0.0,,,
2753,02/02/22 01:20:00 AM,,0.0,,,
2754,02/02/22 01:25:00 AM,,0.0,,,
2755,02/02/22 01:30:00 AM,5.552,0.0,,,
2756,02/02/22 01:35:00 AM,,0.0,,,
2757,02/02/22 01:40:00 AM,,0.0,,,
2758,02/02/22 01:45:00 AM,,0.0,,,
2759,02/02/22 01:50:00 AM,,0.0,,,
2760,02/02/22 01:55:00 AM,,0.0,,,
2761,02/02/22 02:00:00 AM,5.962,0.0,,,
2762,02/02/22 02:05:00 AM,,0.0,,,
2763,02/02/22 02:10:00 AM,,0.0,,,
2764,02/02/22 02:15:00 AM,,0.0,,,
2765,02/02/22 02:20:00 AM,,0.0,,,
2766,02/02/22 02:25:00 AM,,0.0,,,
2767,02/02/22 02:30:00 AM,5.962,0.0,,,
2768,02/02/22 02:35:00 AM,,0.0,,,
2769,02/02/22 02:40:00 AM,,0.0,,,
2770,02/02/22 02:45:00 AM,,0.0,,,
2771,02/02/22 02:50:00 AM,,0.0,,,
2772,02/02/22 02:55:00 AM,,0.0,,,
2773,02/02/22 03:00:00 AM,6.268,0.0,,,
2774,02/02/22 03:05:00 AM,,0.0,,,
2775,02/02/22 03:10:00 AM,,0.0,,,
2776,02/02/22 03:15:00 AM,,0.0,,,
2777,02/02/22 03:20:00 AM,,0.0,,,
2778,02/02/22 03:25:00 AM,,0.0,,,
2779,02/02/22 03:30:00 AM,6.370,0.0,,,
2780,02/02/22 03:35:00 AM,,0.2,,,
2781,02/02/22 03:40:00 AM,,0.0,,,
2782,02/02/22 03:45:00 AM,,0.0,,,
2783,02/02/22 03:50:00 AM,,0.0,,,
2784,02/02/22 03:55:00 AM,,0.0,,,
2785,02/02/22 04:00:00 AM,6.064,0.0,,,
2786,02/02/22 04:05:00 AM,,0.0,,,
2787,02/02/22 04:10:00 AM,,0.0,,,
2788,02/02/22 04:15:00 AM,,0.0,,,
2789,02/02/22 04:20:00 AM,,0.0,,,
2790,02/02/22 04:25:00 AM,,0.0,,,
2791,02/02/22 04:30:00 AM,6.674,0.0,,,
2792,02/02/22 04:35:00 AM,,0.0,,,
2793,02/02/22 04:40:00 AM,,0.0,,,
2794,02/02/22 04:45:00 AM,,0.0,,,
2795,02/02/22 04:50:00 AM,,0.0,,,
2796,02/02/22 04:55:00 AM,,0.0,,,
2797,02/02/22 05:00:00 AM,6.674,0.0,,,
2798,02/02/22 05:05:00 AM,,0.0,,,
2799,02/02/22 05:10:00 AM,,0.0,,,
2800,02/02/22 05:15:00 AM,,0.0,,,
2801,02/02/22 05:20:00 AM,,0.0,,,
2802,02/02/22 05:25:00 AM,,0.0,,,
2803,02/02/22 05:30:00 AM,6.573,0.0,,,
2804,02/02/22 05:35:00 AM,,0.0,,,
2805,02/02/22 05:40:00 AM,,0.0,,,
2806,02/02/22 05:45:00 AM,,0.0,,,
2807,02/02/22 05:50:00 AM,,0.0,,,
2808,02/02/22 05:55:00 AM,,0.0,,,
2809,02/02/22 06:00:00 AM,6.775,0.0,,,
2810,02/02/22 06:05:00 AM,,0.0,,,
2811,02/02/22 06:10:00 AM,,0.0,,,
2812,02/02/22 06:15:00 AM,,0.0,,,
2813,02/02/22 06:20:00 AM,,0.0,,,
2814,02/02/22 06:25:00 AM,,0.0,,,
2815,02/02/22 06:30:00 AM,6.573,0.0,,,
2816,02/02/22 06:35:00 AM,,0.0,,,
2817,02/02/22 06:40:00 AM,,0.0,,,
2818,02/02/22 06:45:00 AM,,0.0,,,
2819,02/02/22 06:50:00 AM,,0.0,,,
2820,02/02/22 06:55:00 AM,,0.0,,,
2821,02/02/22 07:00:00 AM,6.674,0.0,,,
2822,02/02/22 07:05:00 AM,,0.0,,,
2823,02/02/22 07:10:00 AM,,0.0,,,
2824,02/02/22 07:15:00 AM,,0.0,,,
2825,02/02/22 07:20:00 AM,,0.0,,,
2826,02/02/22 07:25:00 AM,,0.0,,,
2827,02/02/22 07:30:00 AM,6.674,0.0,,,
2828,02/02/22 07:35:00 AM,,0.0,,,
2829,02/02/22 07:40:00 AM,,0.0,,,
2830,02/02/22 07:45:00 AM,,0.0,,,
2831,02/02/22 07:50:00 AM,,0.0,,,
2832,02/02/22 07:55:00 AM,,0.0,,,
2833,02/02/22 08:00:00 AM,6.775,0.0,,,
2834,02/02/22 08:05:00 AM,,0.0,,,
2835,02/02/22 08:10:00 AM,,0.0,,,
2836,02/02/22 08:15:00 AM,,0.0,,,
2837,02/02/22 08:20:00 AM,,0.0,,,
2838,02/02/22 08:25:00 AM,,0.0,,,
2839,02/02/22 08:30:00 AM,6.775,0.0,,,
2840,02/02/22 08:35:00 AM,,0.0,,,
2841,02/02/22 08:40:00 AM,,0.0,,,
2842,02/02/22 08:45:00 AM,,0.0,,,
2843,02/02/22 08:50:00 AM,,0.0,,,
2844,02/02/22 08:55:00 AM,,0.0,,,
2845,02/02/22 09:00:00 AM,6.775,0.0,,,
2846,02/02/22 09:05:00 AM,,0.0,,,
2847,02/02/22 09:10:00 AM,,0.0,,,
2848,02/02/22 09:15:00 AM,,0.0,,,
2849,02/02/22 09:20:00 AM,,0.0,,,
2850,02/02/22 09:25:00 AM,,0.0,,,
2851,02/02/22 09:30:00 AM,6.978,0.0,,,
2852,02/02/22 09:35:00 AM,,0.0,,,
2853,02/02/22 09:40:00 AM,,0.0,,,
2854,02/02/22 09:45:00 AM,,0.0,,,
2855,02/02/22 09:50:00 AM,,0.0,,,
2856,02/02/22 09:55:00 AM,,0.0,,,
2857,02/02/22 10:00:00 AM,7.079,0.0,,,
2858,02/02/22 10:05:00 AM,,0.0,,,
2859,02/02/22 10:10:00 AM,,0.0,,,
2860,02/02/22 10:15:00 AM,,0.0,,,
2861,02/02/22 10:20:00 AM,,0.0,,,
2862,02/02/22 10:25:00 AM,,0.0,,,
2863,02/02/22 10:30:00 AM,7.381,0.0,,,
2864,02/02/22 10:35:00 AM,,0.0,,,
2865,02/02/22 10:40:00 AM,,0.0,,,
2866,02/02/22 10:45:00 AM,,0.0,,,
2867,02/02/22 10:50:00 AM,,0.0,,,
2868,02/02/22 10:55:00 AM,,0.0,,,
2869,02/02/22 11:00:00 AM,7.179,0.0,,,
2870,02/02/22 11:05:00 AM,,0.0,,,
2871,02/02/22 11:10:00 AM,,0.0,,,
2872,02/02/22 11:15:00 AM,,0.0,,,
2873,02/02/22 11:20:00 AM,,0.0,,,
2874,02/02/22 11:25:00 AM,,0.0,,,
2875,02/02/22 11:30:00 AM,6.877,0.0,,,
2876,02/02/22 11:35:00 AM,,0.0,,,
2877,02/02/22 11:40:00 AM,,0.2,,,
2878,02/02/22 11:45:00 AM,,0.0,,,
2879,02/02/22 11:50:00 AM,,0.0,,,
2880,02/02/22 11:55:00 AM,,0.0,,,
2881,02/02/22 12:00:00 PM,6.674,0.0,,,
2882,02/02/22 12:05:00 PM,,0.0,,,
2883,02/02/22 12:10:00 PM,,0.0,,,
2884,02/02/22 12:15:00 PM,,0.0,,,
2885,02/02/22 12:20:00 PM,,0.0,,,
2886,02/02/22 12:25:00 PM,,0.0,,,
2887,02/02/22 12:30:00 PM,6.471,0.0,,,
2888,02/02/22 12:35:00 PM,,0.0,,,
2889,02/02/22 12:40:00 PM,,0.0,,,
2890,02/02/22 12:45:00 PM,,0.0,,,
2891,02/02/22 12:50:00 PM,,0.0,,,
2892,02/02/22 12:55:00 PM,,0.0,,,
2893,02/02/22 01:00:00 PM,6.471,0.0,,,
2894,02/02/22 01:05:00 PM,,0.0,,,
2895,02/02/22 01:10:00 PM,,0.0,,,
2896,02/02/22 01:15:00 PM,,0.0,,,
2897,02/02/22 01:20:00 PM,,0.0,,,
2898,02/02/22 01:25:00 PM,,0.2,,,
2899,02/02/22 01:30:00 PM,6.471,0.0,,,
2900,02/02/22 01:35:00 PM,,0.2,,,
2901,02/02/22 01:40:00 PM,,0.0,,,
2902,02/02/22 01:45:00 PM,,0.0,,,
2903,02/02/22 01:50:00 PM,,0.0,,,
2904,02/02/22 01:55:00 PM,,0.0,,,
2905,02/02/22 02:00:00 PM,6.674,0.2,,,
2906,02/02/22 02:05:00 PM,,0.2,,,
2907,02/02/22 02:10:00 PM,,0.2,,,
2908,02/02/22 02:15:00 PM,,0.0,,,
2909,02/02/22 02:20:00 PM,,0.2,,,
2910,02/02/22 02:25:00 PM,,0.0,,,
2911,02/02/22 02:30:00 PM,6.573,0.0,,,
2912,02/02/22 02:35:00 PM,,0.0,,,
2913,02/02/22 02:40:00 PM,,0.0,,,
2914,02/02/22 02:45:00 PM,,0.0,,,
2915,02/02/22 02:50:00 PM,,0.0,,,
2916,02/02/22 02:55:00 PM,,0.0,,,
2917,02/02/22 03:00:00 PM,6.573,0.0,,,
2918,02/02/22 03:05:00 PM,,0.0,,,
2919,02/02/22 03:10:00 PM,,0.0,,,
2920,02/02/22 03:15:00 PM,,0.0,,,
2921,02/02/22 03:20:00 PM,,0.0,,,
2922,02/02/22 03:25:00 PM,,0.0,,,
2923,02/02/22 03:30:00 PM,6.775,0.0,,,
2924,02/02/22 03:35:00 PM,,0.0,,,
2925,02/02/22 03:40:00 PM,,0.0,,,
2926,02/02/22 03:45:00 PM,,0.0,,,
2927,02/02/22 03:50:00 PM,,0.0,,,
2928,02/02/22 03:55:00 PM,,0.0,,,
2929,02/02/22 04:00:00 PM,6.877,0.0,,,
2930,02/02/22 04:05:00 PM,,0.0,,,
2931,02/02/22 04:10:00 PM,,0.0,,,
2932,02/02/22 04:15:00 PM,,0.0,,,
2933,02/02/22 04:20:00 PM,,0.0,,,
2934,02/02/22 04:25:00 PM,,0.0,,,
2935,02/02/22 04:30:00 PM,6.978,0.0,,,
2936,02/02/22 04:35:00 PM,,0.0,,,
2937,02/02/22 04:40:00 PM,,0.0,,,
2938,02/02/22 04:45:00 PM,,0.0,,,
2939,02/02/22 04:50:00 PM,,0.0,,,
2940,02/02/22 04:55:00 PM,,0.0,,,
2941,02/02/22 05:00:00 PM,6.877,0.0,,,
2942,02/02/22 05:05:00 PM,,0.2,,,
2943,02/02/22 05:10:00 PM,,0.2,,,
2944,02/02/22 05:15:00 PM,,0.0,,,
2945,02/02/22 05:20:00 PM,,0.0,,,
2946,02/02/22 05:25:00 PM,,0.2,,,
2947,02/02/22 05:30:00 PM,6.775,0.0,,,
2948,02/02/22 05:35:00 PM,,0.0,,,
2949,02/02/22 05:40:00 PM,,0.0,,,
2950,02/02/22 05:45:00 PM,,0.0,,,
2951,02/02/22 05:50:00 PM,,0.0,,,
2952,02/02/22 05:55:00 PM,,0.0,,,
2953,02/02/22 06:00:00 PM,6.877,0.0,,,
2954,02/02/22 06:05:00 PM,,0.0,,,
2955,02/02/22 06:10:00 PM,,0.0,,,
2956,02/02/22 06:15:00 PM,,0.0,,,
2957,02/02/22 06:20:00 PM,,0.0,,,
2958,02/02/22 06:25:00 PM,,0.0,,,
2959,02/02/22 06:30:00 PM,7.179,0.0,,,
2960,02/02/22 06:35:00 PM,,0.0,,,
2961,02/02/22 06:40:00 PM,,0.2,,,
2962,02/02/22 06:45:00 PM,,0.2,,,
2963,02/02/22 06:50:00 PM,,0.0,,,
2964,02/02/22 06:55:00 PM,,0.0,,,
2965,02/02/22 07:00:00 PM,7.481,0.0,,,
2966,02/02/22 07:05:00 PM,,0.0,,,
2967,02/02/22 07:10:00 PM,,0.0,,,
2968,02/02/22 07:15:00 PM,,0.0,,,
2969,02/02/22 07:20:00 PM,,0.0,,,
2970,02/02/22 07:25:00 PM,,0.0,,,
2971,02/02/22 07:30:00 PM,7.481,0.0,,,
2972,02/02/22 07:35:00 PM,,0.0,,,
2973,02/02/22 07:40:00 PM,,0.0,,,
2974,02/02/22 07:45:00 PM,,0.0,,,
2975,02/02/22 07:50:00 PM,,0.0,,,
2976,02/02/22 07:55:00 PM,,0.0,,,
2977,02/02/22 08:00:00 PM,7.582,0.0,,,
2978,02/02/22 08:05:00 PM,,0.0,,,
2979,02/02/22 08:10:00 PM,,0.0,,,
2980,02/02/22 08:15:00 PM,,0.0,,,
2981,02/02/22 08:20:00 PM,,0.0,,,
2982,02/02/22 08:25:00 PM,,0.0,,,
2983,02/02/22 08:30:00 PM,7.582,0.0,,,
2984,02/02/22 08:35:00 PM,,0.0,,,
2985,02/02/22 08:40:00 PM,,0.0,,,
2986,02/02/22 08:45:00 PM,,0.0,,,
2987,02/02/22 08:50:00 PM,,0.0,,,
2988,02/02/22 08:55:00 PM,,0.0,,,
2989,02/02/22 09:00:00 PM,7.481,0.0,,,
2990,02/02/22 09:05:00 PM,,0.0,,,
2991,02/02/22 09:10:00 PM,,0.0,,,
2992,02/02/22 09:15:00 PM,,0.0,,,
2993,02/02/22 09:20:00 PM,,0.0,,,
2994,02/02/22 09:25:00 PM,,0.0,,,
2995,02/02/22 09:30:00 PM,7.381,0.0,,,
2996,02/02/22 09:35:00 PM,,0.0,,,
2997,02/02/22 09:40:00 PM,,0.0,,,
2998,02/02/22 09:45:00 PM,,0.0,,,
2999,02/02/22 09:50:00 PM,,0.0,,,
3000,02/02/22 09:55:00 PM,,0.0,,,
3001,02/02/22 10:00:00 PM,7.381,0.0,,,
3002,02/02/22 10:05:00 PM,,0.0,,,
3003,02/02/22 10:10:00 PM,,0.0,,,
3004,02/02/22 10:15:00 PM,,0.0,,,
3005,02/02/22 10:20:00 PM,,0.0,,,
3006,02/02/22 10:25:00 PM,,0.0,,,
3007,02/02/22 10:30:00 PM,7.381,0.0,,,
3008,02/02/22 10:35:00 PM,,0.0,,,
3009,02/02/22 10:40:00 PM,,0.0,,,
3010,02/02/22 10:45:00 PM,,0.0,,,
3011,02/02/22 10:50:00 PM,,0.0,,,
3012,02/02/22 10:55:00 PM,,0.0,,,
3013,02/02/22 11:00:00 PM,7.280,0.0,,,
3014,02/02/22 11:05:00 PM,,0.0,,,
3015,02/02/22 11:10:00 PM,,0.0,,,
3016,02/02/22 11:15:00 PM,,0.0,,,
3017,02/02/22 11:20:00 PM,,0.0,,,
3018,02/02/22 11:25:00 PM,,0.0,,,
3019,02/02/22 11:30:00 PM,7.179,0.0,,,
3020,02/02/22 11:35:00 PM,,0.0,,,
3021,02/02/22 11:40:00 PM,,0.0,,,
3022,02/02/22 11:45:00 PM,,0.0,,,
3023,02/02/22 11:50:00 PM,,0.0,,,
3024,02/02/22 11:55:00 PM,,0.2,,,
3025,02/03/22 12:00:00 AM,7.280,0.0,,,
3026,02/03/22 12:05:00 AM,,0.0,,,
3027,02/03/22 12:10:00 AM,,0.2,,,
3028,02/03/22 12:15:00 AM,,0.0,,,
3029,02/03/22 12:20:00 AM,,0.0,,,
3030,02/03/22 12:25:00 AM,,0.0,,,
3031,02/03/22 12:30:00 AM,6.978,0.0,,,
3032,02/03/22 12:35:00 AM,,0.0,,,
3033,02/03/22 12:40:00 AM,,0.0,,,
3034,02/03/22 12:45:00 AM,,0.0,,,
3035,02/03/22 12:50:00 AM,,0.0,,,
3036,02/03/22 12:55:00 AM,,0.0,,,
3037,02/03/22 01:00:00 AM,6.877,0.0,,,
3038,02/03/22 01:05:00 AM,,0.2,,,
3039,02/03/22 01:10:00 AM,,0.0,,,
3040,02/03/22 01:15:00 AM,,0.0,,,
3041,02/03/22 01:20:00 AM,,0.0,,,
3042,02/03/22 01:25:00 AM,,0.0,,,
3043,02/03/22 01:30:00 AM,6.877,0.0,,,
3044,02/03/22 01:35:00 AM,,0.0,,,
3045,02/03/22 01:40:00 AM,,0.0,,,
3046,02/03/22 01:45:00 AM,,0.0,,,
3047,02/03/22 01:50:00 AM,,0.0,,,
3048,02/03/22 01:55:00 AM,,0.0,,,
3049,02/03/22 02:00:00 AM,7.079,0.2,,,
3050,02/03/22 02:05:00 AM,,0.0,,,
3051,02/03/22 02:10:00 AM,,0.0,,,
3052,02/03/22 02:15:00 AM,,0.0,,,
3053,02/03/22 02:20:00 AM,,0.0,,,
3054,02/03/22 02:25:00 AM,,0.0,,,
3055,02/03/22 02:30:00 AM,6.978,0.0,,,
3056,02/03/22 02:35:00 AM,,0.0,,,
3057,02/03/22 02:40:00 AM,,0.0,,,
3058,02/03/22 02:45:00 AM,,0.0,,,
3059,02/03/22 02:50:00 AM,,0.0,,,
3060,02/03/22 02:55:00 AM,,0.0,,,
3061,02/03/22 03:00:00 AM,6.775,0.0,,,
3062,02/03/22 03:05:00 AM,,0.0,,,
3063,02/03/22 03:10:00 AM,,0.0,,,
3064,02/03/22 03:15:00 AM,,0.0,,,
3065,02/03/22 03:20:00 AM,,0.2,,,
3066,02/03/22 03:25:00 AM,,0.2,,,
3067,02/03/22 03:30:00 AM,6.674,0.0,,,
3068,02/03/22 03:35:00 AM,,0.0,,,
3069,02/03/22 03:40:00 AM,,0.0,,,
3070,02/03/22 03:45:00 AM,,0.0,,,
3071,02/03/22 03:50:00 AM,,0.0,,,
3072,02/03/22 03:55:00 AM,,0.0,,,
3073,02/03/22 04:00:00 AM,6.573,0.0,,,
3074,02/03/22 04:05:00 AM,,0.0,,,
3075,02/03/22 04:10:00 AM,,0.2,,,
3076,02/03/22 04:15:00 AM,,0.0,,,
3077,02/03/22 04:20:00 AM,,0.0,,,
3078,02/03/22 04:25:00 AM,,0.0,,,
3079,02/03/22 04:30:00 AM,6.268,0.0,,,
3080,02/03/22 04:35:00 AM,,0.0,,,
3081,02/03/22 04:40:00 AM,,0.0,,,
3082,02/03/22 04:45:00 AM,,0.0,,,
3083,02/03/22 04:50:00 AM,,0.0,,,
3084,02/03/22 04:55:00 AM,,0.0,,,
3085,02/03/22 05:00:00 AM,6.064,0.0,,,
3086,02/03/22 05:05:00 AM,,0.0,,,
3087,02/03/22 05:10:00 AM,,0.0,,,
3088,02/03/22 05:15:00 AM,,0.0,,,
3089,02/03/22 05:20:00 AM,,0.0,,,
3090,02/03/22 05:25:00 AM,,0.0,,,
3091,02/03/22 05:30:00 AM,6.268,0.0,,,
3092,02/03/22 05:35:00 AM,,0.0,,,
3093,02/03/22 05:40:00 AM,,0.0,,,
3094,02/03/22 05:45:00 AM,,0.0,,,
3095,02/03/22 05:50:00 AM,,0.0,,,
3096,02/03/22 05:55:00 AM,,0.0,,,
3097,02/03/22 06:00:00 AM,6.370,0.0,,,
3098,02/03/22 06:05:00 AM,,0.0,,,
3099,02/03/22 06:10:00 AM,,0.0,,,
3100,02/03/22 06:15:00 AM,,0.0,,,
3101,02/03/22 06:20:00 AM,,0.0,,,
3102,02/03/22 06:25:00 AM,,0.0,,,
3103,02/03/22 06:30:00 AM,6.268,0.0,,,
3104,02/03/22 06:35:00 AM,,0.0,,,
3105,02/03/22 06:40:00 AM,,0.0,,,
3106,02/03/22 06:45:00 AM,,0.0,,,
3107,02/03/22 06:50:00 AM,,0.0,,,
3108,02/03/22 06:55:00 AM,,0.0,,,
3109,02/03/22 07:00:00 AM,6.166,0.0,,,
3110,02/03/22 07:05:00 AM,,0.0,,,
3111,02/03/22 07:10:00 AM,,0.0,,,
3112,02/03/22 07:15:00 AM,,0.0,,,
3113,02/03/22 07:20:00 AM,,0.0,,,
3114,02/03/22 07:25:00 AM,,0.0,,,
3115,02/03/22 07:30:00 AM,6.166,0.0,,,
3116,02/03/22 07:35:00 AM,,0.0,,,
3117,02/03/22 07:40:00 AM,,0.0,,,
3118,02/03/22 07:45:00 AM,,0.0,,,
3119,02/03/22 07:50:00 AM,,0.0,,,
3120,02/03/22 07:55:00 AM,,0.0,,,
3121,02/03/22 08:00:00 AM,6.370,0.0,,,
3122,02/03/22 08:05:00 AM,,0.0,,,
3123,02/03/22 08:10:00 AM,,0.0,,,
3124,02/03/22 08:15:00 AM,,0.0,,,
3125,02/03/22 08:20:00 AM,,0.0,,,
3126,02/03/22 08:25:00 AM,,0.0,,,
3127,02/03/22 08:30:00 AM,6.877,0.0,,,
3128,02/03/22 08:35:00 AM,,0.0,,,
3129,02/03/22 08:40:00 AM,,0.0,,,
3130,02/03/22 08:45:00 AM,,0.0,,,
3131,02/03/22 08:50:00 AM,,0.0,,,
3132,02/03/22 08:55:00 AM,,0.0,,,
3133,02/03/22 09:00:00 AM,7.381,0.0,,,
3134,02/03/22 09:05:00 AM,,0.0,,,
3135,02/03/22 09:10:00 AM,,0.0,,,
3136,02/03/22 09:15:00 AM,,0.0,,,
3137,02/03/22 09:20:00 AM,,0.0,,,
3138,02/03/22 09:25:00 AM,,0.0,,,
3139,02/03/22 09:30:00 AM,7.983,0.0,,,
3140,02/03/22 09:35:00 AM,,0.0,,,
3141,02/03/22 09:40:00 AM,,0.0,,,
3142,02/03/22 09:45:00 AM,,0.0,,,
3143,02/03/22 09:50:00 AM,,0.0,,,
3144,02/03/22 09:55:00 AM,,0.0,,,
3145,02/03/22 10:00:00 AM,8.481,0.0,,,
3146,02/03/22 10:05:00 AM,,0.0,,,
3147,02/03/22 10:10:00 AM,,0.0,,,
3148,02/03/22 10:15:00 AM,,0.0,,,
3149,02/03/22 10:20:00 AM,,0.0,,,
3150,02/03/22 10:25:00 AM,,0.0,,,
3151,02/03/22 10:30:00 AM,8.282,0.0,,,
3152,02/03/22 10:35:00 AM,,0.0,,,
3153,02/03/22 10:40:00 AM,,0.0,,,
3154,02/03/22 10:45:00 AM,,0.0,,,
3155,02/03/22 10:50:00 AM,,0.0,,,
3156,02/03/22 10:55:00 AM,,0.0,,,
3157,02/03/22 11:00:00 AM,8.978,0.0,,,
3158,02/03/22 11:05:00 AM,,0.0,,,
3159,02/03/22 11:10:00 AM,,0.0,,,
3160,02/03/22 11:15:00 AM,,0.0,,,
3161,02/03/22 11:20:00 AM,,0.0,,,
3162,02/03/22 11:25:00 AM,,0.0,,,
3163,02/03/22 11:30:00 AM,9.077,0.0,,,
3164,02/03/22 11:35:00 AM,,0.0,,,
3165,02/03/22 11:40:00 AM,,0.0,,,
3166,02/03/22 11:45:00 AM,,0.0,,,
3167,02/03/22 11:50:00 AM,,0.0,,,
3168,02/03/22 11:55:00 AM,,0.0,,,
3169,02/03/22 12:00:00 PM,8.978,0.0,,,
3170,02/03/22 12:05:00 PM,,0.0,,,
3171,02/03/22 12:10:00 PM,,0.0,,,
3172,02/03/22 12:15:00 PM,,0.0,,,
3173,02/03/22 12:20:00 PM,,0.0,,,
3174,02/03/22 12:25:00 PM,,0.0,,,
3175,02/03/22 12:30:00 PM,9.275,0.0,,,
3176,02/03/22 12:35:00 PM,,0.0,,,
3177,02/03/22 12:40:00 PM,,0.0,,,
3178,02/03/22 12:45:00 PM,,0.0,,,
3179,02/03/22 12:50:00 PM,,0.0,,,
3180,02/03/22 12:55:00 PM,,0.0,,,
3181,02/03/22 01:00:00 PM,8.978,0.0,,,
3182,02/03/22 01:05:00 PM,,0.0,,,
3183,02/03/22 01:10:00 PM,,0.0,,,
3184,02/03/22 01:15:00 PM,,0.0,,,
3185,02/03/22 01:20:00 PM,,0.0,,,
3186,02/03/22 01:25:00 PM,,0.0,,,
3187,02/03/22 01:30:00 PM,9.275,0.0,,,
3188,02/03/22 01:35:00 PM,,0.0,,,
3189,02/03/22 01:40:00 PM,,0.0,,,
3190,02/03/22 01:45:00 PM,,0.0,,,
3191,02/03/22 01:50:00 PM,,0.0,,,
3192,02/03/22 01:55:00 PM,,0.0,,,
3193,02/03/22 02:00:00 PM,8.680,0.0,,,
3194,02/03/22 02:05:00 PM,,0.0,,,
3195,02/03/22 02:10:00 PM,,0.0,,,
3196,02/03/22 02:15:00 PM,,0.0,,,
3197,02/03/22 02:20:00 PM,,0.0,,,
3198,02/03/22 02:25:00 PM,,0.0,,,
3199,02/03/22 02:30:00 PM,7.882,0.0,,,
3200,02/03/22 02:35:00 PM,,0.0,,,
3201,02/03/22 02:40:00 PM,,0.0,,,
3202,02/03/22 02:45:00 PM,,0.0,,,
3203,02/03/22 02:50:00 PM,,0.0,,,
3204,02/03/22 02:55:00 PM,,0.0,,,
3205,02/03/22 03:00:00 PM,7.682,0.0,,,
3206,02/03/22 03:05:00 PM,,0.0,,,
3207,02/03/22 03:10:00 PM,,0.0,,,
3208,02/03/22 03:15:00 PM,,0.0,,,
3209,02/03/22 03:20:00 PM,,0.0,,,
3210,02/03/22 03:25:00 PM,,0.0,,,
3211,02/03/22 03:30:00 PM,7.179,0.0,,,
3212,02/03/22 03:35:00 PM,,0.0,,,
3213,02/03/22 03:40:00 PM,,0.0,,,
3214,02/03/22 03:45:00 PM,,0.0,,,
3215,02/03/22 03:50:00 PM,,0.0,,,
3216,02/03/22 03:55:00 PM,,0.0,,,
3217,02/03/22 04:00:00 PM,7.079,0.0,,,
3218,02/03/22 04:05:00 PM,,0.0,,,
3219,02/03/22 04:10:00 PM,,0.0,,,
3220,02/03/22 04:15:00 PM,,0.0,,,
3221,02/03/22 04:20:00 PM,,0.0,,,
3222,02/03/22 04:25:00 PM,,0.0,,,
3223,02/03/22 04:30:00 PM,6.674,0.0,,,
3224,02/03/22 04:35:00 PM,,0.0,,,
3225,02/03/22 04:40:00 PM,,0.0,,,
3226,02/03/22 04:45:00 PM,,0.0,,,
3227,02/03/22 04:50:00 PM,,0.0,,,
3228,02/03/22 04:55:00 PM,,0.0,,,
3229,02/03/22 05:00:00 PM,6.166,0.0,,,
3230,02/03/22 05:05:00 PM,,0.0,,,
3231,02/03/22 05:10:00 PM,,0.0,,,
3232,02/03/22 05:15:00 PM,,0.0,,,
3233,02/03/22 05:20:00 PM,,0.0,,,
3234,02/03/22 05:25:00 PM,,0.0,,,
3235,02/03/22 05:30:00 PM,5.757,0.0,,,
3236,02/03/22 05:35:00 PM,,0.0,,,
3237,02/03/22 05:40:00 PM,,0.0,,,
3238,02/03/22 05:45:00 PM,,0.0,,,
3239,02/03/22 05:50:00 PM,,0.0,,,
3240,02/03/22 05:55:00 PM,,0.0,,,
3241,02/03/22 06:00:00 PM,5.450,0.0,,,
3242,02/03/22 06:05:00 PM,,0.0,,,
3243,02/03/22 06:10:00 PM,,0.0,,,
3244,02/03/22 06:15:00 PM,,0.0,,,
3245,02/03/22 06:20:00 PM,,0.0,,,
3246,02/03/22 06:25:00 PM,,0.0,,,
3247,02/03/22 06:30:00 PM,5.450,0.0,,,
3248,02/03/22 06:35:00 PM,,0.0,,,
3249,02/03/22 06:40:00 PM,,0.0,,,
3250,02/03/22 06:45:00 PM,,0.0,,,
3251,02/03/22 06:50:00 PM,,0.0,,,
3252,02/03/22 06:55:00 PM,,0.0,,,
3253,02/03/22 07:00:00 PM,5.450,0.0,,,
3254,02/03/22 07:05:00 PM,,0.0,,,
3255,02/03/22 07:10:00 PM,,0.0,,,
3256,02/03/22 07:15:00 PM,,0.0,,,
3257,02/03/22 07:20:00 PM,,0.0,,,
3258,02/03/22 07:25:00 PM,,0.0,,,
3259,02/03/22 07:30:00 PM,5.860,0.0,,,
3260,02/03/22 07:35:00 PM,,0.0,,,
3261,02/03/22 07:40:00 PM,,0.0,,,
3262,02/03/22 07:45:00 PM,,0.0,,,
3263,02/03/22 07:50:00 PM,,0.0,,,
3264,02/03/22 07:55:00 PM,,0.0,,,
3265,02/03/22 08:00:00 PM,5.860,0.0,,,
3266,02/03/22 08:05:00 PM,,0.0,,,
3267,02/03/22 08:10:00 PM,,0.0,,,
3268,02/03/22 08:15:00 PM,,0.0,,,
3269,02/03/22 08:20:00 PM,,0.0,,,
3270,02/03/22 08:25:00 PM,,0.0,,,
3271,02/03/22 08:30:00 PM,6.064,0.0,,,
3272,02/03/22 08:35:00 PM,,0.0,,,
3273,02/03/22 08:40:00 PM,,0.0,,,
3274,02/03/22 08:45:00 PM,,0.0,,,
3275,02/03/22 08:50:00 PM,,0.0,,,
3276,02/03/22 08:55:00 PM,,0.0,,,
3277,02/03/22 09:00:00 PM,6.370,0.0,,,
3278,02/03/22 09:05:00 PM,,0.0,,,
3279,02/03/22 09:10:00 PM,,0.0,,,
3280,02/03/22 09:15:00 PM,,0.0,,,
3281,02/03/22 09:20:00 PM,,0.0,,,
3282,02/03/22 09:25:00 PM,,0.0,,,
3283,02/03/22 09:30:00 PM,6.166,0.0,,,
3284,02/03/22 09:35:00 PM,,0.0,,,
3285,02/03/22 09:40:00 PM,,0.0,,,
3286,02/03/22 09:45:00 PM,,0.0,,,
3287,02/03/22 09:50:00 PM,,0.0,,,
3288,02/03/22 09:55:00 PM,,0.0,,,
3289,02/03/22 10:00:00 PM,5.962,0.0,,,
3290,02/03/22 10:05:00 PM,,0.0,,,
3291,02/03/22 10:10:00 PM,,0.0,,,
3292,02/03/22 10:15:00 PM,,0.0,,,
3293,02/03/22 10:20:00 PM,,0.0,,,
3294,02/03/22 10:25:00 PM,,0.0,,,
3295,02/03/22 10:30:00 PM,6.064,0.0,,,
3296,02/03/22 10:35:00 PM,,0.0,,,
3297,02/03/22 10:40:00 PM,,0.0,,,
3298,02/03/22 10:45:00 PM,,0.0,,,
3299,02/03/22 10:50:00 PM,,0.0,,,
3300,02/03/22 10:55:00 PM,,0.0,,,
3301,02/03/22 11:00:00 PM,6.064,0.0,,,
3302,02/03/22 11:05:00 PM,,0.0,,,
3303,02/03/22 11:10:00 PM,,0.0,,,
3304,02/03/22 11:15:00 PM,,0.0,,,
3305,02/03/22 11:20:00 PM,,0.0,,,
3306,02/03/22 11:25:00 PM,,0.0,,,
3307,02/03/22 11:30:00 PM,5.655,0.0,,,
3308,02/03/22 11:35:00 PM,,0.0,,,
3309,02/03/22 11:40:00 PM,,0.0,,,
3310,02/03/22 11:45:00 PM,,0.0,,,
3311,02/03/22 11:50:00 PM,,0.0,,,
3312,02/03/22 11:55:00 PM,,0.0,,,
3313,02/04/22 12:00:00 AM,5.244,0.0,,,
3314,02/04/22 12:05:00 AM,,0.0,,,
3315,02/04/22 12:10:00 AM,,0.0,,,
3316,02/04/22 12:15:00 AM,,0.0,,,
3317,02/04/22 12:20:00 AM,,0.0,,,
3318,02/04/22 12:25:00 AM,,0.0,,,
3319,02/04/22 12:30:00 AM,5.244,0.0,,,
3320,02/04/22 12:35:00 AM,,0.0,,,
3321,02/04/22 12:40:00 AM,,0.0,,,
3322,02/04/22 12:45:00 AM,,0.0,,,
3323,02/04/22 12:50:00 AM,,0.0,,,
3324,02/04/22 12:55:00 AM,,0.0,,,
3325,02/04/22 01:00:00 AM,5.244,0.0,,,
3326,02/04/22 01:05:00 AM,,0.0,,,
3327,02/04/22 01:10:00 AM,,0.0,,,
3328,02/04/22 01:15:00 AM,,0.0,,,
3329,02/04/22 01:20:00 AM,,0.0,,,
3330,02/04/22 01:25:00 AM,,0.0,,,
3331,02/04/22 01:30:00 AM,5.347,0.0,,,
3332,02/04/22 01:35:00 AM,,0.0,,,
3333,02/04/22 01:40:00 AM,,0.0,,,
3334,02/04/22 01:45:00 AM,,0.0,,,
3335,02/04/22 01:50:00 AM,,0.0,,,
3336,02/04/22 01:55:00 AM,,0.0,,,
3337,02/04/22 02:00:00 AM,5.347,0.0,,,
3338,02/04/22 02:05:00 AM,,0.0,,,
3339,02/04/22 02:10:00 AM,,0.0,,,
3340,02/04/22 02:15:00 AM,,0.0,,,
3341,02/04/22 02:20:00 AM,,0.0,,,
3342,02/04/22 02:25:00 AM,,0.0,,,
3343,02/04/22 02:30:00 AM,5.244,0.0,,,
3344,02/04/22 02:35:00 AM,,0.0,,,
3345,02/04/22 02:40:00 AM,,0.0,,,
3346,02/04/22 02:45:00 AM,,0.0,,,
3347,02/04/22 02:50:00 AM,,0.0,,,
3348,02/04/22 02:55:00 AM,,0.0,,,
3349,02/04/22 03:00:00 AM,4.831,0.0,,,
3350,02/04/22 03:05:00 AM,,0.0,,,
3351,02/04/22 03:10:00 AM,,0.0,,,
3352,02/04/22 03:15:00 AM,,0.0,,,
3353,02/04/22 03:20:00 AM,,0.0,,,
3354,02/04/22 03:25:00 AM,,0.0,,,
3355,02/04/22 03:30:00 AM,4.623,0.0,,,
3356,02/04/22 03:35:00 AM,,0.0,,,
3357,02/04/22 03:40:00 AM,,0.0,,,
3358,02/04/22 03:45:00 AM,,0.0,,,
3359,02/04/22 03:50:00 AM,,0.0,,,
3360,02/04/22 03:55:00 AM,,0.0,,,
3361,02/04/22 04:00:00 AM,4.831,0.0,,,
3362,02/04/22 04:05:00 AM,,0.0,,,
3363,02/04/22 04:10:00 AM,,0.0,,,
3364,02/04/22 04:15:00 AM,,0.2,,,
3365,02/04/22 04:20:00 AM,,0.0,,,
3366,02/04/22 04:25:00 AM,,0.0,,,
3367,02/04/22 04:30:00 AM,5.037,0.0,,,
3368,02/04/22 04:35:00 AM,,0.0,,,
3369,02/04/22 04:40:00 AM,,0.0,,,
3370,02/04/22 04:45:00 AM,,0.0,,,
3371,02/04/22 04:50:00 AM,,0.0,,,
3372,02/04/22 04:55:00 AM,,0.0,,,
3373,02/04/22 05:00:00 AM,5.037,0.0,,,
3374,02/04/22 05:05:00 AM,,0.0,,,
3375,02/04/22 05:10:00 AM,,0.0,,,
3376,02/04/22 05:15:00 AM,,0.0,,,
3377,02/04/22 05:20:00 AM,,0.0,,,
3378,02/04/22 05:25:00 AM,,0.0,,,
3379,02/04/22 05:30:00 AM,5.141,0.0,,,
3380,02/04/22 05:35:00 AM,,0.0,,,
3381,02/04/22 05:40:00 AM,,0.0,,,
3382,02/04/22 05:45:00 AM,,0.0,,,
3383,02/04/22 05:50:00 AM,,0.0,,,
3384,02/04/22 05:55:00 AM,,0.0,,,
3385,02/04/22 06:00:00 AM,4.727,0.0,,,
3386,02/04/22 06:05:00 AM,,0.0,,,
3387,02/04/22 06:10:00 AM,,0.0,,,
3388,02/04/22 06:15:00 AM,,0.0,,,
3389,02/04/22 06:20:00 AM,,0.0,,,
3390,02/04/22 06:25:00 AM,,0.0,,,
3391,02/04/22 06:30:00 AM,4.623,0.0,,,
3392,02/04/22 06:35:00 AM,,0.0,,,
3393,02/04/22 06:40:00 AM,,0.0,,,
3394,02/04/22 06:45:00 AM,,0.0,,,
3395,02/04/22 06:50:00 AM,,0.0,,,
3396,02/04/22 06:55:00 AM,,0.0,,,
3397,02/04/22 07:00:00 AM,4.415,0.0,,,
3398,02/04/22 07:05:00 AM,,0.0,,,
3399,02/04/22 07:10:00 AM,,0.0,,,
3400,02/04/22 07:15:00 AM,,0.0,,,
3401,02/04/22 07:20:00 AM,,0.0,,,
3402,02/04/22 07:25:00 AM,,0.0,,,
3403,02/04/22 07:30:00 AM,4.727,0.0,,,
3404,02/04/22 07:35:00 AM,,0.0,,,
3405,02/04/22 07:40:00 AM,,0.0,,,
3406,02/04/22 07:45:00 AM,,0.0,,,
3407,02/04/22 07:50:00 AM,,0.0,,,
3408,02/04/22 07:55:00 AM,,0.0,,,
3409,02/04/22 08:00:00 AM,5.037,0.0,,,
3410,02/04/22 08:05:00 AM,,0.0,,,
3411,02/04/22 08:10:00 AM,,0.0,,,
3412,02/04/22 08:15:00 AM,,0.0,,,
3413,02/04/22 08:20:00 AM,,0.0,,,
3414,02/04/22 08:25:00 AM,,0.0,,,
3415,02/04/22 08:30:00 AM,5.244,0.0,,,
3416,02/04/22 08:35:00 AM,,0.0,,,
3417,02/04/22 08:40:00 AM,,0.0,,,
3418,02/04/22 08:45:00 AM,,0.0,,,
3419,02/04/22 08:50:00 AM,,0.0,,,
3420,02/04/22 08:55:00 AM,,0.0,,,
3421,02/04/22 09:00:00 AM,5.141,0.0,,,
3422,02/04/22 09:05:00 AM,,0.0,,,
3423,02/04/22 09:10:00 AM,,0.0,,,
3424,02/04/22 09:15:00 AM,,0.0,,,
3425,02/04/22 09:20:00 AM,,0.0,,,
3426,02/04/22 09:25:00 AM,,0.0,,,
3427,02/04/22 09:30:00 AM,5.450,0.0,,,
3428,02/04/22 09:35:00 AM,,0.0,,,
3429,02/04/22 09:40:00 AM,,0.0,,,
3430,02/04/22 09:45:00 AM,,0.0,,,
3431,02/04/22 09:50:00 AM,,0.0,,,
3432,02/04/22 09:55:00 AM,,0.0,,,
3433,02/04/22 10:00:00 AM,5.552,0.0,,,
3434,02/04/22 10:05:00 AM,,0.0,,,
3435,02/04/22 10:10:00 AM,,0.0,,,
3436,02/04/22 10:15:00 AM,,0.0,,,
3437,02/04/22 10:20:00 AM,,0.0,,,
3438,02/04/22 10:25:00 AM,,0.0,,,
3439,02/04/22 10:30:00 AM,5.655,0.0,,,
3440,02/04/22 10:35:00 AM,,0.0,,,
3441,02/04/22 10:40:00 AM,,0.0,,,
3442,02/04/22 10:45:00 AM,,0.0,,,
3443,02/04/22 10:50:00 AM,,0.0,,,
3444,02/04/22 10:55:00 AM,,0.0,,,
3445,02/04/22 11:00:00 AM,6.064,0.0,,,
3446,02/04/22 11:05:00 AM,,0.0,,,
3447,02/04/22 11:10:00 AM,,0.0,,,
3448,02/04/22 11:15:00 AM,,0.0,,,
3449,02/04/22 11:20:00 AM,,0.0,,,
3450,02/04/22 11:25:00 AM,,0.0,,,
3451,02/04/22 11:30:00 AM,6.166,0.0,,,
3452,02/04/22 11:35:00 AM,,0.0,,,
3453,02/04/22 11:40:00 AM,,0.0,,,
3454,02/04/22 11:45:00 AM,,0.0,,,
3455,02/04/22 11:50:00 AM,,0.0,,,
3456,02/04/22 11:55:00 AM,,0.0,,,
3457,02/04/22 12:00:00 PM,6.064,0.0,,,
3458,02/04/22 12:05:00 PM,,0.0,,,
3459,02/04/22 12:10:00 PM,,0.0,,,
3460,02/04/22 12:15:00 PM,,0.0,,,
3461,02/04/22 12:20:00 PM,,0.0,,,
3462,02/04/22 12:25:00 PM,,0.0,,,
3463,02/04/22 12:30:00 PM,5.655,0.0,,,
3464,02/04/22 12:35:00 PM,,0.0,,,
3465,02/04/22 12:40:00 PM,,0.0,,,
3466,02/04/22 12:45:00 PM,,0.0,,,
3467,02/04/22 12:50:00 PM,,0.0,,,
3468,02/04/22 12:55:00 PM,,0.0,,,
3469,02/04/22 01:00:00 PM,5.757,0.0,,,
3470,02/04/22 01:05:00 PM,,0.0,,,
3471,02/04/22 01:10:00 PM,,0.0,,,
3472,02/04/22 01:15:00 PM,,0.0,,,
3473,02/04/22 01:20:00 PM,,0.0,,,
3474,02/04/22 01:25:00 PM,,0.0,,,
3475,02/04/22 01:30:00 PM,5.757,0.0,,,
3476,02/04/22 01:35:00 PM,,0.0,,,
3477,02/04/22 01:40:00 PM,,0.0,,,
3478,02/04/22 01:45:00 PM,,0.0,,,
3479,02/04/22 01:50:00 PM,,0.0,,,
3480,02/04/22 01:55:00 PM,,0.0,,,
3481,02/04/22 02:00:00 PM,6.166,0.0,,,
3482,02/04/22 02:05:00 PM,,0.0,,,
3483,02/04/22 02:10:00 PM,,0.0,,,
3484,02/04/22 02:15:00 PM,,0.0,,,
3485,02/04/22 02:20:00 PM,,0.0,,,
3486,02/04/22 02:25:00 PM,,0.0,,,
3487,02/04/22 02:30:00 PM,6.268,0.0,,,
3488,02/04/22 02:35:00 PM,,0.0,,,
3489,02/04/22 02:40:00 PM,,0.0,,,
3490,02/04/22 02:45:00 PM,,0.0,,,
3491,02/04/22 02:50:00 PM,,0.0,,,
3492,02/04/22 02:55:00 PM,,0.0,,,
3493,02/04/22 03:00:00 PM,6.877,0.0,,,
3494,02/04/22 03:05:00 PM,,0.0,,,
3495,02/04/22 03:10:00 PM,,0.0,,,
3496,02/04/22 03:15:00 PM,,0.0,,,
3497,02/04/22 03:20:00 PM,,0.0,,,
3498,02/04/22 03:25:00 PM,,0.0,,,
3499,02/04/22 03:30:00 PM,6.877,0.0,,,
3500,02/04/22 03:35:00 PM,,0.0,,,
3501,02/04/22 03:40:00 PM,,0.0,,,
3502,02/04/22 03:45:00 PM,,0.0,,,
3503,02/04/22 03:50:00 PM,,0.0,,,
3504,02/04/22 03:55:00 PM,,0.0,,,
3505,02/04/22 04:00:00 PM,6.978,0.0,,,
3506,02/04/22 04:05:00 PM,,0.0,,,
3507,02/04/22 04:10:00 PM,,0.0,,,
3508,02/04/22 04:15:00 PM,,0.0,,,
3509,02/04/22 04:20:00 PM,,0.0,,,
3510,02/04/22 04:25:00 PM,,0.0,,,
3511,02/04/22 04:30:00 PM,7.179,0.0,,,
3512,02/04/22 04:35:00 PM,,0.0,,,
3513,02/04/22 04:40:00 PM,,0.0,,,
3514,02/04/22 04:45:00 PM,,0.0,,,
3515,02/04/22 04:50:00 PM,,0.0,,,
3516,02/04/22 04:55:00 PM,,0.0,,,
3517,02/04/22 05:00:00 PM,6.877,0.0,,,
3518,02/04/22 05:05:00 PM,,0.0,,,
3519,02/04/22 05:10:00 PM,,0.0,,,
3520,02/04/22 05:15:00 PM,,0.0,,,
3521,02/04/22 05:20:00 PM,,0.0,,,
3522,02/04/22 05:25:00 PM,,0.0,,,
3523,02/04/22 05:30:00 PM,6.370,0.0,,,
3524,02/04/22 05:35:00 PM,,0.0,,,
3525,02/04/22 05:40:00 PM,,0.0,,,
3526,02/04/22 05:45:00 PM,,0.0,,,
3527,02/04/22 05:50:00 PM,,0.0,,,
3528,02/04/22 05:55:00 PM,,0.0,,,
3529,02/04/22 06:00:00 PM,6.775,0.0,,,
3530,02/04/22 06:05:00 PM,,0.0,,,
3531,02/04/22 06:10:00 PM,,0.0,,,
3532,02/04/22 06:15:00 PM,,0.0,,,
3533,02/04/22 06:20:00 PM,,0.0,,,
3534,02/04/22 06:25:00 PM,,0.0,,,
3535,02/04/22 06:30:00 PM,7.079,0.0,,,
3536,02/04/22 06:35:00 PM,,0.0,,,
3537,02/04/22 06:40:00 PM,,0.0,,,
3538,02/04/22 06:45:00 PM,,0.0,,,
3539,02/04/22 06:50:00 PM,,0.0,,,
3540,02/04/22 06:55:00 PM,,0.0,,,
3541,02/04/22 07:00:00 PM,7.179,0.0,,,
3542,02/04/22 07:05:00 PM,,0.0,,,
3543,02/04/22 07:10:00 PM,,0.0,,,
3544,02/04/22 07:15:00 PM,,0.0,,,
3545,02/04/22 07:20:00 PM,,0.0,,,
3546,02/04/22 07:25:00 PM,,0.0,,,
3547,02/04/22 07:30:00 PM,7.280,0.0,,,
3548,02/04/22 07:35:00 PM,,0.0,,,
3549,02/04/22 07:40:00 PM,,0.0,,,
3550,02/04/22 07:45:00 PM,,0.0,,,
3551,02/04/22 07:50:00 PM,,0.0,,,
3552,02/04/22 07:55:00 PM,,0.0,,,
3553,02/04/22 08:00:00 PM,7.179,0.0,,,
3554,02/04/22 08:05:00 PM,,0.0,,,
3555,02/04/22 08:10:00 PM,,0.0,,,
3556,02/04/22 08:15:00 PM,,0.0,,,
3557,02/04/22 08:20:00 PM,,0.0,,,
3558,02/04/22 08:25:00 PM,,0.0,,,
3559,02/04/22 08:30:00 PM,7.280,0.0,,,
3560,02/04/22 08:35:00 PM,,0.0,,,
3561,02/04/22 08:40:00 PM,,0.0,,,
3562,02/04/22 08:45:00 PM,,0.0,,,
3563,02/04/22 08:50:00 PM,,0.0,,,
3564,02/04/22 08:55:00 PM,,0.0,,,
3565,02/04/22 09:00:00 PM,7.280,0.2,,,
3566,02/04/22 09:05:00 PM,,0.2,,,
3567,02/04/22 09:10:00 PM,,0.8,,,
3568,02/04/22 09:15:00 PM,,0.0,,,
3569,02/04/22 09:20:00 PM,,0.2,,,
3570,02/04/22 09:25:00 PM,,0.0,,,
3571,02/04/22 09:30:00 PM,4.519,0.0,,,
3572,02/04/22 09:35:00 PM,,0.0,,,
3573,02/04/22 09:40:00 PM,,0.0,,,
3574,02/04/22 09:45:00 PM,,0.0,,,
3575,02/04/22 09:50:00 PM,,0.0,,,
3576,02/04/22 09:55:00 PM,,0.0,,,
3577,02/04/22 10:00:00 PM,4.102,0.0,,,
3578,02/04/22 10:05:00 PM,,0.0,,,
3579,02/04/22 10:10:00 PM,,0.0,,,
3580,02/04/22 10:15:00 PM,,0.0,,,
3581,02/04/22 10:20:00 PM,,0.0,,,
3582,02/04/22 10:25:00 PM,,0.0,,,
3583,02/04/22 10:30:00 PM,3.998,0.0,,,
3584,02/04/22 10:35:00 PM,,0.0,,,
3585,02/04/22 10:40:00 PM,,0.0,,,
3586,02/04/22 10:45:00 PM,,0.0,,,
3587,02/04/22 10:50:00 PM,,0.0,,,
3588,02/04/22 10:55:00 PM,,0.0,,,
3589,02/04/22 11:00:00 PM,3.893,0.0,,,
3590,02/04/22 11:05:00 PM,,0.0,,,
3591,02/04/22 11:10:00 PM,,0.0,,,
3592,02/04/22 11:15:00 PM,,0.0,,,
3593,02/04/22 11:20:00 PM,,0.0,,,
3594,02/04/22 11:25:00 PM,,0.0,,,
3595,02/04/22 11:30:00 PM,3.472,0.0,,,
3596,02/04/22 11:35:00 PM,,0.0,,,
3597,02/04/22 11:40:00 PM,,0.0,,,
3598,02/04/22 11:45:00 PM,,0.0,,,
3599,02/04/22 11:50:00 PM,,0.0,,,
3600,02/04/22 11:55:00 PM,,0.0,,,
3601,02/05/22 12:00:00 AM,2.943,0.0,,,
3602,02/05/22 12:05:00 AM,,0.0,,,
3603,02/05/22 12:10:00 AM,,0.0,,,
3604,02/05/22 12:15:00 AM,,0.0,,,
3605,02/05/22 12:20:00 AM,,0.0,,,
3606,02/05/22 12:25:00 AM,,0.0,,,
3607,02/05/22 12:30:00 AM,2.195,0.0,,,
3608,02/05/22 12:35:00 AM,,0.0,,,
3609,02/05/22 12:40:00 AM,,0.0,,,
3610,02/05/22 12:45:00 AM,,0.0,,,
3611,02/05/22 12:50:00 AM,,0.0,,,
3612,02/05/22 12:55:00 AM,,0.0,,,
3613,02/05/22 01:00:00 AM,1.330,0.0,,,
3614,02/05/22 01:05:00 AM,,0.0,,,
3615,02/05/22 01:10:00 AM,,0.0,,,
3616,02/05/22 01:15:00 AM,,0.0,,,
3617,02/05/22 01:20:00 AM,,0.0,,,
3618,02/05/22 01:25:00 AM,,0.0,,,
3619,02/05/22 01:30:00 AM,1.112,0.0,,,
3620,02/05/22 01:35:00 AM,,0.0,,,
3621,02/05/22 01:40:00 AM,,0.0,,,
3622,02/05/22 01:45:00 AM,,0.0,,,
3623,02/05/22 01:50:00 AM,,0.0,,,
3624,02/05/22 01:55:00 AM,,0.0,,,
3625,02/05/22 02:00:00 AM,0.784,0.0,,,
3626,02/05/22 02:05:00 AM,,0.0,,,
3627,02/05/22 02:10:00 AM,,0.0,,,
3628,02/05/22 02:15:00 AM,,0.0,,,
3629,02/05/22 02:20:00 AM,,0.0,,,
3630,02/05/22 02:25:00 AM,,0.0,,,
3631,02/05/22 02:30:00 AM,0.674,0.0,,,
3632,02/05/22 02:35:00 AM,,0.0,,,
3633,02/05/22 02:40:00 AM,,0.0,,,
3634,02/05/22 02:45:00 AM,,0.0,,,
3635,02/05/22 02:50:00 AM,,0.0,,,
3636,02/05/22 02:55:00 AM,,0.0,,,
3637,02/05/22 03:00:00 AM,0.563,0.0,,,
3638,02/05/22 03:05:00 AM,,0.0,,,
3639,02/05/22 03:10:00 AM,,0.0,,,
3640,02/05/22 03:15:00 AM,,0.0,,,
3641,02/05/22 03:20:00 AM,,0.0,,,
3642,02/05/22 03:25:00 AM,,0.0,,,
3643,02/05/22 03:30:00 AM,0.453,0.0,,,
3644,02/05/22 03:35:00 AM,,0.0,,,
3645,02/05/22 03:40:00 AM,,0.0,,,
3646,02/05/22 03:45:00 AM,,0.0,,,
3647,02/05/22 03:50:00 AM,,0.0,,,
3648,02/05/22 03:55:00 AM,,0.0,,,
3649,02/05/22 04:00:00 AM,0.563,0.0,,,
3650,02/05/22 04:05:00 AM,,0.0,,,
3651,02/05/22 04:10:00 AM,,0.0,,,
3652,02/05/22 04:15:00 AM,,0.0,,,
3653,02/05/22 04:20:00 AM,,0.0,,,
3654,02/05/22 04:25:00 AM,,0.0,,,
3655,02/05/22 04:30:00 AM,1.221,0.0,,,
3656,02/05/22 04:35:00 AM,,0.0,,,
3657,02/05/22 04:40:00 AM,,0.0,,,
3658,02/05/22 04:45:00 AM,,0.0,,,
3659,02/05/22 04:50:00 AM,,0.0,,,
3660,02/05/22 04:55:00 AM,,0.0,,,
3661,02/05/22 05:00:00 AM,1.112,0.0,,,
3662,02/05/22 05:05:00 AM,,0.0,,,
3663,02/05/22 05:10:00 AM,,0.0,,,
3664,02/05/22 05:15:00 AM,,0.0,,,
3665,02/05/22 05:20:00 AM,,0.0,,,
3666,02/05/22 05:25:00 AM,,0.0,,,
3667,02/05/22 05:30:00 AM,1.764,0.0,,,
3668,02/05/22 05:35:00 AM,,0.0,,,
3669,02/05/22 05:40:00 AM,,0.0,,,
3670,02/05/22 05:45:00 AM,,0.0,,,
3671,02/05/22 05:50:00 AM,,0.0,,,
3672,02/05/22 05:55:00 AM,,0.0,,,
3673,02/05/22 06:00:00 AM,2.195,0.0,,,
3674,02/05/22 06:05:00 AM,,0.0,,,
3675,02/05/22 06:10:00 AM,,0.0,,,
3676,02/05/22 06:15:00 AM,,0.0,,,
3677,02/05/22 06:20:00 AM,,0.0,,,
3678,02/05/22 06:25:00 AM,,0.0,,,
3679,02/05/22 06:30:00 AM,2.088,0.0,,,
3680,02/05/22 06:35:00 AM,,0.0,,,
3681,02/05/22 06:40:00 AM,,0.0,,,
3682,02/05/22 06:45:00 AM,,0.0,,,
3683,02/05/22 06:50:00 AM,,0.0,,,
3684,02/05/22 06:55:00 AM,,0.0,,,
3685,02/05/22 07:00:00 AM,2.195,0.0,,,
3686,02/05/22 07:05:00 AM,,0.0,,,
3687,02/05/22 07:10:00 AM,,0.0,,,
3688,02/05/22 07:15:00 AM,,0.0,,,
3689,02/05/22 07:20:00 AM,,0.0,,,
3690,02/05/22 07:25:00 AM,,0.0,,,
3691,02/05/22 07:30:00 AM,2.410,0.0,,,
3692,02/05/22 07:35:00 AM,,0.0,,,
3693,02/05/22 07:40:00 AM,,0.0,,,
3694,02/05/22 07:45:00 AM,,0.0,,,
3695,02/05/22 07:50:00 AM,,0.0,,,
3696,02/05/22 07:55:00 AM,,0.0,,,
3697,02/05/22 08:00:00 AM,2.730,0.0,,,
3698,02/05/22 08:05:00 AM,,0.0,,,
3699,02/05/22 08:10:00 AM,,0.0,,,
3700,02/05/22 08:15:00 AM,,0.0,,,
3701,02/05/22 08:20:00 AM,,0.0,,,
3702,02/05/22 08:25:00 AM,,0.0,,,
3703,02/05/22 08:30:00 AM,2.837,0.0,,,
3704,02/05/22 08:35:00 AM,,0.0,,,
3705,02/05/22 08:40:00 AM,,0.0,,,
3706,02/05/22 08:45:00 AM,,0.0,,,
3707,02/05/22 08:50:00 AM,,0.0,,,
3708,02/05/22 08:55:00 AM,,0.0,,,
3709,02/05/22 09:00:00 AM,3.049,0.0,,,
3710,02/05/22 09:05:00 AM,,0.0,,,
3711,02/05/22 09:10:00 AM,,0.0,,,
3712,02/05/22 09:15:00 AM,,0.0,,,
3713,02/05/22 09:20:00 AM,,0.0,,,
3714,02/05/22 09:25:00 AM,,0.0,,,
3715,02/05/22 09:30:00 AM,3.367,0.0,,,
3716,02/05/22 09:35:00 AM,,0.0,,,
3717,02/05/22 09:40:00 AM,,0.0,,,
3718,02/05/22 09:45:00 AM,,0.0,,,
3719,02/05/22 09:50:00 AM,,0.0,,,
3720,02/05/22 09:55:00 AM,,0.0,,,
3721,02/05/22 10:00:00 AM,3.578,0.0,,,
3722,02/05/22 10:05:00 AM,,0.0,,,
3723,02/05/22 10:10:00 AM,,0.0,,,
3724,02/05/22 10:15:00 AM,,0.0,,,
3725,02/05/22 10:20:00 AM,,0.0,,,
3726,02/05/22 10:25:00 AM,,0.0,,,
3727,02/05/22 10:30:00 AM,3.893,0.0,,,
3728,02/05/22 10:35:00 AM,,0.0,,,
3729,02/05/22 10:40:00 AM,,0.0,,,
3730,02/05/22 10:45:00 AM,,0.0,,,
3731,02/05/22 10:50:00 AM,,0.0,,,
3732,02/05/22 10:55:00 AM,,0.0,,,
3733,02/05/22 11:00:00 AM,3.998,0.0,,,
3734,02/05/22 11:05:00 AM,,0.0,,,
3735,02/05/22 11:10:00 AM,,0.0,,,
3736,02/05/22 11:15:00 AM,,0.0,,,
3737,02/05/22 11:20:00 AM,,0.0,,,
3738,02/05/22 11:25:00 AM,,0.0,,,
3739,02/05/22 11:30:00 AM,4.415,0.0,,,
3740,02/05/22 11:35:00 AM,,0.0,,,
3741,02/05/22 11:40:00 AM,,0.0,,,
3742,02/05/22 11:45:00 AM,,0.0,,,
3743,02/05/22 11:50:00 AM,,0.0,,,
3744,02/05/22 11:55:00 AM,,0.0,,,
3745,02/05/22 12:00:00 PM,4.831,0.0,,,
3746,02/05/22 12:05:00 PM,,0.0,,,
3747,02/05/22 12:10:00 PM,,0.0,,,
3748,02/05/22 12:15:00 PM,,0.0,,,
3749,02/05/22 12:20:00 PM,,0.0,,,
3750,02/05/22 12:25:00 PM,,0.0,,,
3751,02/05/22 12:30:00 PM,5.450,0.0,,,
3752,02/05/22 12:35:00 PM,,0.0,,,
3753,02/05/22 12:40:00 PM,,0.0,,,
3754,02/05/22 12:45:00 PM,,0.0,,,
3755,02/05/22 12:50:00 PM,,0.0,,,
3756,02/05/22 12:55:00 PM,,0.0,,,
3757,02/05/22 01:00:00 PM,5.347,0.0,,,
3758,02/05/22 01:05:00 PM,,0.0,,,
3759,02/05/22 01:10:00 PM,,0.0,,,
3760,02/05/22 01:15:00 PM,,0.0,,,
3761,02/05/22 01:20:00 PM,,0.0,,,
3762,02/05/22 01:25:00 PM,,0.0,,,
3763,02/05/22 01:30:00 PM,5.037,0.0,,,
3764,02/05/22 01:35:00 PM,,0.0,,,
3765,02/05/22 01:40:00 PM,,0.0,,,
3766,02/05/22 01:45:00 PM,,0.0,,,
3767,02/05/22 01:50:00 PM,,0.0,,,
3768,02/05/22 01:55:00 PM,,0.0,,,
3769,02/05/22 02:00:00 PM,5.450,0.0,,,
3770,02/05/22 02:05:00 PM,,0.0,,,
3771,02/05/22 02:10:00 PM,,0.0,,,
3772,02/05/22 02:15:00 PM,,0.0,,,
3773,02/05/22 02:20:00 PM,,0.0,,,
3774,02/05/22 02:25:00 PM,,0.0,,,
3775,02/05/22 02:30:00 PM,6.471,0.0,,,
3776,02/05/22 02:35:00 PM,,0.0,,,
3777,02/05/22 02:40:00 PM,,0.0,,,
3778,02/05/22 02:45:00 PM,,0.0,,,
3779,02/05/22 02:50:00 PM,,0.0,,,
3780,02/05/22 02:55:00 PM,,0.0,,,
3781,02/05/22 03:00:00 PM,7.983,0.0,,,
3782,02/05/22 03:05:00 PM,,0.0,,,
3783,02/05/22 03:10:00 PM,,0.0,,,
3784,02/05/22 03:15:00 PM,,0.0,,,
3785,02/05/22 03:20:00 PM,,0.0,,,
3786,02/05/22 03:25:00 PM,,0.0,,,
3787,02/05/22 03:30:00 PM,6.370,0.0,,,
3788,02/05/22 03:35:00 PM,,0.0,,,
3789,02/05/22 03:40:00 PM,,0.0,,,
3790,02/05/22 03:45:00 PM,,0.0,,,
3791,02/05/22 03:50:00 PM,,0.0,,,
3792,02/05/22 03:55:00 PM,,0.0,,,
3793,02/05/22 04:00:00 PM,5.757,0.0,,,
3794,02/05/22 04:05:00 PM,,0.0,,,
3795,02/05/22 04:10:00 PM,,0.0,,,
3796,02/05/22 04:15:00 PM,,0.0,,,
3797,02/05/22 04:20:00 PM,,0.0,,,
3798,02/05/22 04:25:00 PM,,0.0,,,
3799,02/05/22 04:30:00 PM,5.655,0.0,,,
3800,02/05/22 04:35:00 PM,,0.0,,,
3801,02/05/22 04:40:00 PM,,0.0,,,
3802,02/05/22 04:45:00 PM,,0.0,,,
3803,02/05/22 04:50:00 PM,,0.0,,,
3804,02/05/22 04:55:00 PM,,0.0,,,
3805,02/05/22 05:00:00 PM,5.347,0.0,,,
3806,02/05/22 05:05:00 PM,,0.0,,,
3807,02/05/22 05:10:00 PM,,0.0,,,
3808,02/05/22 05:15:00 PM,,0.0,,,
3809,02/05/22 05:20:00 PM,,0.0,,,
3810,02/05/22 05:25:00 PM,,0.0,,,
3811,02/05/22 05:30:00 PM,5.244,0.0,,,
3812,02/05/22 05:35:00 PM,,0.0,,,
3813,02/05/22 05:40:00 PM,,0.0,,,
3814,02/05/22 05:45:00 PM,,0.0,,,
3815,02/05/22 05:50:00 PM,,0.0,,,
3816,02/05/22 05:55:00 PM,,0.0,,,
3817,02/05/22 06:00:00 PM,5.037,0.0,,,
3818,02/05/22 06:05:00 PM,,0.0,,,
3819,02/05/22 06:10:00 PM,,0.0,,,
3820,02/05/22 06:15:00 PM,,0.0,,,
3821,02/05/22 06:20:00 PM,,0.0,,,
3822,02/05/22 06:25:00 PM,,0.0,,,
3823,02/05/22 06:30:00 PM,5.037,0.0,,,
3824,02/05/22 06:35:00 PM,,0.0,,,
3825,02/05/22 06:40:00 PM,,0.0,,,
3826,02/05/22 06:45:00 PM,,0.0,,,
3827,02/05/22 06:50:00 PM,,0.0,,,
3828,02/05/22 06:55:00 PM,,0.0,,,
3829,02/05/22 07:00:00 PM,5.037,0.0,,,
3830,02/05/22 07:05:00 PM,,0.0,,,
3831,02/05/22 07:10:00 PM,,0.0,,,
3832,02/05/22 07:15:00 PM,,0.0,,,
3833,02/05/22 07:20:00 PM,,0.0,,,
3834,02/05/22 07:25:00 PM,,0.0,,,
3835,02/05/22 07:30:00 PM,4.727,0.0,,,
3836,02/05/22 07:35:00 PM,,0.0,,,
3837,02/05/22 07:40:00 PM,,0.0,,,
3838,02/05/22 07:45:00 PM,,0.0,,,
3839,02/05/22 07:50:00 PM,,0.0,,,
3840,02/05/22 07:55:00 PM,,0.0,,,
3841,02/05/22 08:00:00 PM,4.831,0.0,,,
3842,02/05/22 08:05:00 PM,,0.0,,,
3843,02/05/22 08:10:00 PM,,0.0,,,
3844,02/05/22 08:15:00 PM,,0.0,,,
3845,02/05/22 08:20:00 PM,,0.0,,,
3846,02/05/22 08:25:00 PM,,0.0,,,
3847,02/05/22 08:30:00 PM,4.727,0.0,,,
3848,02/05/22 08:35:00 PM,,0.0,,,
3849,02/05/22 08:40:00 PM,,0.0,,,
3850,02/05/22 08:45:00 PM,,0.0,,,
3851,02/05/22 08:50:00 PM,,0.0,,,
3852,02/05/22 08:55:00 PM,,0.0,,,
3853,02/05/22 09:00:00 PM,4.727,0.0,,,
3854,02/05/22 09:05:00 PM,,0.0,,,
3855,02/05/22 09:10:00 PM,,0.0,,,
3856,02/05/22 09:15:00 PM,,0.0,,,
3857,02/05/22 09:20:00 PM,,0.0,,,
3858,02/05/22 09:25:00 PM,,0.0,,,
3859,02/05/22 09:30:00 PM,4.415,0.0,,,
3860,02/05/22 09:35:00 PM,,0.0,,,
3861,02/05/22 09:40:00 PM,,0.0,,,
3862,02/05/22 09:45:00 PM,,0.0,,,
3863,02/05/22 09:50:00 PM,,0.0,,,
3864,02/05/22 09:55:00 PM,,0.0,,,
3865,02/05/22 10:00:00 PM,4.519,0.0,,,
3866,02/05/22 10:05:00 PM,,0.0,,,
3867,02/05/22 10:10:00 PM,,0.0,,,
3868,02/05/22 10:15:00 PM,,0.0,,,
3869,02/05/22 10:20:00 PM,,0.0,,,
3870,02/05/22 10:25:00 PM,,0.0,,,
3871,02/05/22 10:30:00 PM,4.519,0.0,,,
3872,02/05/22 10:35:00 PM,,0.0,,,
3873,02/05/22 10:40:00 PM,,0.0,,,
3874,02/05/22 10:45:00 PM,,0.0,,,
3875,02/05/22 10:50:00 PM,,0.0,,,
3876,02/05/22 10:55:00 PM,,0.0,,,
3877,02/05/22 11:00:00 PM,4.519,0.0,,,
3878,02/05/22 11:05:00 PM,,0.0,,,
3879,02/05/22 11:10:00 PM,,0.0,,,
3880,02/05/22 11:15:00 PM,,0.0,,,
3881,02/05/22 11:20:00 PM,,0.0,,,
3882,02/05/22 11:25:00 PM,,0.0,,,
3883,02/05/22 11:30:00 PM,4.623,0.0,,,
3884,02/05/22 11:35:00 PM,,0.0,,,
3885,02/05/22 11:40:00 PM,,0.0,,,
3886,02/05/22 11:45:00 PM,,0.0,,,
3887,02/05/22 11:50:00 PM,,0.0,,,
3888,02/05/22 11:55:00 PM,,0.0,,,
3889,02/06/22 12:00:00 AM,4.519,0.0,,,
3890,02/06/22 12:05:00 AM,,0.0,,,
3891,02/06/22 12:10:00 AM,,0.0,,,
3892,02/06/22 12:15:00 AM,,0.0,,,
3893,02/06/22 12:20:00 AM,,0.0,,,
3894,02/06/22 12:25:00 AM,,0.0,,,
3895,02/06/22 12:30:00 AM,4.519,0.0,,,
3896,02/06/22 12:35:00 AM,,0.0,,,
3897,02/06/22 12:40:00 AM,,0.0,,,
3898,02/06/22 12:45:00 AM,,0.0,,,
3899,02/06/22 12:50:00 AM,,0.0,,,
3900,02/06/22 12:55:00 AM,,0.0,,,
3901,02/06/22 01:00:00 AM,4.415,0.0,,,
3902,02/06/22 01:05:00 AM,,0.0,,,
3903,02/06/22 01:10:00 AM,,0.0,,,
3904,02/06/22 01:15:00 AM,,0.0,,,
3905,02/06/22 01:20:00 AM,,0.0,,,
3906,02/06/22 01:25:00 AM,,0.0,,,
3907,02/06/22 01:30:00 AM,4.519,0.0,,,
3908,02/06/22 01:35:00 AM,,0.0,,,
3909,02/06/22 01:40:00 AM,,0.0,,,
3910,02/06/22 01:45:00 AM,,0.0,,,
3911,02/06/22 01:50:00 AM,,0.0,,,
3912,02/06/22 01:55:00 AM,,0.0,,,
3913,02/06/22 02:00:00 AM,4.623,0.0,,,
3914,02/06/22 02:05:00 AM,,0.0,,,
3915,02/06/22 02:10:00 AM,,0.0,,,
3916,02/06/22 02:15:00 AM,,0.0,,,
3917,02/06/22 02:20:00 AM,,0.0,,,
3918,02/06/22 02:25:00 AM,,0.0,,,
3919,02/06/22 02:30:00 AM,4.831,0.0,,,
3920,02/06/22 02:35:00 AM,,0.0,,,
3921,02/06/22 02:40:00 AM,,0.0,,,
3922,02/06/22 02:45:00 AM,,0.0,,,
3923,02/06/22 02:50:00 AM,,0.0,,,
3924,02/06/22 02:55:00 AM,,0.0,,,
3925,02/06/22 03:00:00 AM,4.934,0.0,,,
3926,02/06/22 03:05:00 AM,,0.0,,,
3927,02/06/22 03:10:00 AM,,0.0,,,
3928,02/06/22 03:15:00 AM,,0.0,,,
3929,02/06/22 03:20:00 AM,,0.0,,,
3930,02/06/22 03:25:00 AM,,0.0,,,
3931,02/06/22 03:30:00 AM,4.519,0.0,,,
3932,02/06/22 03:35:00 AM,,0.0,,,
3933,02/06/22 03:40:00 AM,,0.0,,,
3934,02/06/22 03:45:00 AM,,0.0,,,
3935,02/06/22 03:50:00 AM,,0.0,,,
3936,02/06/22 03:55:00 AM,,0.0,,,
3937,02/06/22 04:00:00 AM,4.519,0.0,,,
3938,02/06/22 04:05:00 AM,,0.0,,,
3939,02/06/22 04:10:00 AM,,0.0,,,
3940,02/06/22 04:15:00 AM,,0.0,,,
3941,02/06/22 04:20:00 AM,,0.0,,,
3942,02/06/22 04:25:00 AM,,0.0,,,
3943,02/06/22 04:30:00 AM,4.623,0.0,,,
3944,02/06/22 04:35:00 AM,,0.0,,,
3945,02/06/22 04:40:00 AM,,0.0,,,
3946,02/06/22 04:45:00 AM,,0.0,,,
3947,02/06/22 04:50:00 AM,,0.0,,,
3948,02/06/22 04:55:00 AM,,0.0,,,
3949,02/06/22 05:00:00 AM,4.727,0.0,,,
3950,02/06/22 05:05:00 AM,,0.0,,,
3951,02/06/22 05:10:00 AM,,0.0,,,
3952,02/06/22 05:15:00 AM,,0.0,,,
3953,02/06/22 05:20:00 AM,,0.0,,,
3954,02/06/22 05:25:00 AM,,0.0,,,
3955,02/06/22 05:30:00 AM,4.831,0.0,,,
3956,02/06/22 05:35:00 AM,,0.0,,,
3957,02/06/22 05:40:00 AM,,0.0,,,
3958,02/06/22 05:45:00 AM,,0.0,,,
3959,02/06/22 05:50:00 AM,,0.0,,,
3960,02/06/22 05:55:00 AM,,0.0,,,
3961,02/06/22 06:00:00 AM,4.934,0.0,,,
3962,02/06/22 06:05:00 AM,,0.0,,,
3963,02/06/22 06:10:00 AM,,0.0,,,
3964,02/06/22 06:15:00 AM,,0.0,,,
3965,02/06/22 06:20:00 AM,,0.0,,,
3966,02/06/22 06:25:00 AM,,0.0,,,
3967,02/06/22 06:30:00 AM,5.037,0.0,,,
3968,02/06/22 06:35:00 AM,,0.0,,,
3969,02/06/22 06:40:00 AM,,0.0,,,
3970,02/06/22 06:45:00 AM,,0.0,,,
3971,02/06/22 06:50:00 AM,,0.0,,,
3972,02/06/22 06:55:00 AM,,0.0,,,
3973,02/06/22 07:00:00 AM,4.934,0.0,,,
3974,02/06/22 07:05:00 AM,,0.0,,,
3975,02/06/22 07:10:00 AM,,0.0,,,
3976,02/06/22 07:15:00 AM,,0.0,,,
3977,02/06/22 07:20:00 AM,,0.0,,,
3978,02/06/22 07:25:00 AM,,0.0,,,
3979,02/06/22 07:30:00 AM,5.141,0.0,,,
3980,02/06/22 07:35:00 AM,,0.0,,,
3981,02/06/22 07:40:00 AM,,0.0,,,
3982,02/06/22 07:45:00 AM,,0.0,,,
3983,02/06/22 07:50:00 AM,,0.0,,,
3984,02/06/22 07:55:00 AM,,0.0,,,
3985,02/06/22 08:00:00 AM,5.244,0.0,,,
3986,02/06/22 08:05:00 AM,,0.0,,,
3987,02/06/22 08:10:00 AM,,0.0,,,
3988,02/06/22 08:15:00 AM,,0.0,,,
3989,02/06/22 08:20:00 AM,,0.0,,,
3990,02/06/22 08:25:00 AM,,0.0,,,
3991,02/06/22 08:30:00 AM,5.450,0.0,,,
3992,02/06/22 08:35:00 AM,,0.0,,,
3993,02/06/22 08:40:00 AM,,0.0,,,
3994,02/06/22 08:45:00 AM,,0.0,,,
3995,02/06/22 08:50:00 AM,,0.0,,,
3996,02/06/22 08:55:00 AM,,0.0,,,
3997,02/06/22 09:00:00 AM,5.757,0.0,,,
3998,02/06/22 09:05:00 AM,,0.0,,,
3999,02/06/22 09:10:00 AM,,0.0,,,
4000,02/06/22 09:15:00 AM,,0.0,,,
4001,02/06/22 09:20:00 AM,,0.0,,,
4002,02/06/22 09:25:00 AM,,0.0,,,
4003,02/06/22 09:30:00 AM,5.450,0.0,,,
4004,02/06/22 09:35:00 AM,,0.0,,,
4005,02/06/22 09:40:00 AM,,0.0,,,
4006,02/06/22 09:45:00 AM,,0.0,,,
4007,02/06/22 09:50:00 AM,,0.0,,,
4008,02/06/22 09:55:00 AM,,0.0,,,
4009,02/06/22 10:00:00 AM,5.347,0.0,,,
4010,02/06/22 10:05:00 AM,,0.0,,,
4011,02/06/22 10:10:00 AM,,0.0,,,
4012,02/06/22 10:15:00 AM,,0.0,,,
4013,02/06/22 10:20:00 AM,,0.0,,,
4014,02/06/22 10:25:00 AM,,0.0,,,
4015,02/06/22 10:30:00 AM,5.757,0.0,,,
4016,02/06/22 10:35:00 AM,,0.0,,,
4017,02/06/22 10:40:00 AM,,0.0,,,
4018,02/06/22 10:45:00 AM,,0.0,,,
4019,02/06/22 10:50:00 AM,,0.0,,,
4020,02/06/22 10:55:00 AM,,0.0,,,
4021,02/06/22 11:00:00 AM,5.552,0.0,,,
4022,02/06/22 11:05:00 AM,,0.0,,,
4023,02/06/22 11:10:00 AM,,0.2,,,
4024,02/06/22 11:15:00 AM,,0.0,,,
4025,02/06/22 11:20:00 AM,,0.0,,,
4026,02/06/22 11:25:00 AM,,0.0,,,
4027,02/06/22 11:30:00 AM,5.037,0.0,,,
4028,02/06/22 11:35:00 AM,,0.2,,,
4029,02/06/22 11:40:00 AM,,0.2,,,
4030,02/06/22 11:45:00 AM,,0.0,,,
4031,02/06/22 11:50:00 AM,,0.0,,,
4032,02/06/22 11:55:00 AM,,0.2,,,
4033,02/06/22 12:00:00 PM,4.623,0.0,,,
4034,02/06/22 12:05:00 PM,,0.2,,,
4035,02/06/22 12:10:00 PM,,0.0,,,
4036,02/06/22 12:15:00 PM,,0.0,,,
4037,02/06/22 12:20:00 PM,,0.0,,,
4038,02/06/22 12:25:00 PM,,0.2,,,
4039,02/06/22 12:30:00 PM,4.727,0.2,,,
4040,02/06/22 12:35:00 PM,,0.0,,,
4041,02/06/22 12:40:00 PM,,0.4,,,
4042,02/06/22 12:45:00 PM,,0.4,,,
4043,02/06/22 12:50:00 PM,,0.4,,,
4044,02/06/22 12:55:00 PM,,0.2,,,
4045,02/06/22 01:00:00 PM,4.207,0.2,,,
4046,02/06/22 01:05:00 PM,,0.2,,,
4047,02/06/22 01:10:00 PM,,0.2,,,
4048,02/06/22 01:15:00 PM,,0.2,,,
4049,02/06/22 01:20:00 PM,,0.2,,,
4050,02/06/22 01:25:00 PM,,0.0,,,
4051,02/06/22 01:30:00 PM,4.311,0.2,,,
4052,02/06/22 01:35:00 PM,,0.2,,,
4053,02/06/22 01:40:00 PM,,0.2,,,
4054,02/06/22 01:45:00 PM,,0.2,,,
4055,02/06/22 01:50:00 PM,,0.2,,,
4056,02/06/22 01:55:00 PM,,0.2,,,
4057,02/06/22 02:00:00 PM,4.311,0.4,,,
4058,02/06/22 02:05:00 PM,,0.4,,,
4059,02/06/22 02:10:00 PM,,0.2,,,
4060,02/06/22 02:15:00 PM,,0.2,,,
4061,02/06/22 02:20:00 PM,,0.4,,,
4062,02/06/22 02:25:00 PM,,0.4,,,
4063,02/06/22 02:30:00 PM,4.207,0.4,,,
4064,02/06/22 02:35:00 PM,,0.4,,,
4065,02/06/22 02:40:00 PM,,0.4,,,
4066,02/06/22 02:45:00 PM,,0.2,,,
4067,02/06/22 02:50:00 PM,,0.2,,,
4068,02/06/22 02:55:00 PM,,0.4,,,
4069,02/06/22 03:00:00 PM,4.207,0.2,,,
4070,02/06/22 03:05:00 PM,,0.4,,,
4071,02/06/22 03:10:00 PM,,0.4,,,
4072,02/06/22 03:15:00 PM,,0.2,,,
4073,02/06/22 03:20:00 PM,,0.2,,,
4074,02/06/22 03:25:00 PM,,0.2,,,
4075,02/06/22 03:30:00 PM,4.415,0.2,,,
4076,02/06/22 03:35:00 PM,,0.0,,,
4077,02/06/22 03:40:00 PM,,0.0,,,
4078,02/06/22 03:45:00 PM,,0.0,,,
4079,02/06/22 03:50:00 PM,,0.0,,,
4080,02/06/22 03:55:00 PM,,0.0,,,
4081,02/06/22 04:00:00 PM,5.037,0.0,,,
4082,02/06/22 04:05:00 PM,,0.0,,,
4083,02/06/22 04:10:00 PM,,0.0,,,
4084,02/06/22 04:15:00 PM,,0.0,,,
4085,02/06/22 04:20:00 PM,,0.0,,,
4086,02/06/22 04:25:00 PM,,0.0,,,
4087,02/06/22 04:30:00 PM,5.347,0.0,,,
4088,02/06/22 04:35:00 PM,,0.0,,,
4089,02/06/22 04:40:00 PM,,0.0,,,
4090,02/06/22 04:45:00 PM,,0.0,,,
4091,02/06/22 04:50:00 PM,,0.0,,,
4092,02/06/22 04:55:00 PM,,0.0,,,
4093,02/06/22 05:00:00 PM,5.655,0.0,,,
4094,02/06/22 05:05:00 PM,,0.2,,,
4095,02/06/22 05:10:00 PM,,0.0,,,
4096,02/06/22 05:15:00 PM,,0.0,,,
4097,02/06/22 05:20:00 PM,,0.0,,,
4098,02/06/22 05:25:00 PM,,0.0,,,
4099,02/06/22 05:30:00 PM,5.962,0.0,,,
4100,02/06/22 05:35:00 PM,,0.0,,,
4101,02/06/22 05:40:00 PM,,0.0,,,
4102,02/06/22 05:45:00 PM,,0.2,,,
4103,02/06/22 05:50:00 PM,,0.0,,,
4104,02/06/22 05:55:00 PM,,0.0,,,
4105,02/06/22 06:00:00 PM,6.166,0.0,,,
4106,02/06/22 06:05:00 PM,,0.0,,,
4107,02/06/22 06:10:00 PM,,0.0,,,
4108,02/06/22 06:15:00 PM,,0.0,,,
4109,02/06/22 06:20:00 PM,,0.0,,,
4110,02/06/22 06:25:00 PM,,0.0,,,
4111,02/06/22 06:30:00 PM,6.573,0.0,,,
4112,02/06/22 06:35:00 PM,,0.0,,,
4113,02/06/22 06:40:00 PM,,0.0,,,
4114,02/06/22 06:45:00 PM,,0.0,,,
4115,02/06/22 06:50:00 PM,,0.0,,,
4116,02/06/22 06:55:00 PM,,0.0,,,
4117,02/06/22 07:00:00 PM,6.775,0.0,,,
4118,02/06/22 07:05:00 PM,,0.0,,,
4119,02/06/22 07:10:00 PM,,0.0,,,
4120,02/06/22 07:15:00 PM,,0.0,,,
4121,02/06/22 07:20:00 PM,,0.0,,,
4122,02/06/22 07:25:00 PM,,0.0,,,
4123,02/06/22 07:30:00 PM,6.471,0.0,,,
4124,02/06/22 07:35:00 PM,,0.0,,,
4125,02/06/22 07:40:00 PM,,0.2,,,
4126,02/06/22 07:45:00 PM,,0.0,,,
4127,02/06/22 07:50:00 PM,,0.0,,,
4128,02/06/22 07:55:00 PM,,0.0,,,
4129,02/06/22 08:00:00 PM,6.370,0.0,,,
4130,02/06/22 08:05:00 PM,,0.0,,,
4131,02/06/22 08:10:00 PM,,0.2,,,
4132,02/06/22 08:15:00 PM,,0.0,,,
4133,02/06/22 08:20:00 PM,,0.2,,,
4134,02/06/22 08:25:00 PM,,0.0,,,
4135,02/06/22 08:30:00 PM,5.860,0.0,,,
4136,02/06/22 08:35:00 PM,,0.0,,,
4137,02/06/22 08:40:00 PM,,0.0,,,
4138,02/06/22 08:45:00 PM,,0.0,,,
4139,02/06/22 08:50:00 PM,,0.0,,,
4140,02/06/22 08:55:00 PM,,0.0,,,
4141,02/06/22 09:00:00 PM,6.166,0.0,,,
4142,02/06/22 09:05:00 PM,,0.0,,,
4143,02/06/22 09:10:00 PM,,0.0,,,
4144,02/06/22 09:15:00 PM,,0.0,,,
4145,02/06/22 09:20:00 PM,,0.0,,,
4146,02/06/22 09:25:00 PM,,0.0,,,
4147,02/06/22 09:30:00 PM,6.064,0.0,,,
4148,02/06/22 09:35:00 PM,,0.0,,,
4149,02/06/22 09:40:00 PM,,0.0,,,
4150,02/06/22 09:45:00 PM,,0.0,,,
4151,02/06/22 09:50:00 PM,,0.0,,,
4152,02/06/22 09:55:00 PM,,0.0,,,
4153,02/06/22 10:00:00 PM,5.757,0.0,,,
4154,02/06/22 10:05:00 PM,,0.0,,,
4155,02/06/22 10:10:00 PM,,0.0,,,
4156,02/06/22 10:15:00 PM,,0.0,,,
4157,02/06/22 10:20:00 PM,,0.0,,,
4158,02/06/22 10:25:00 PM,,0.0,,,
4159,02/06/22 10:30:00 PM,5.655,0.0,,,
4160,02/06/22 10:35:00 PM,,0.2,,,
4161,02/06/22 10:40:00 PM,,0.0,,,
4162,02/06/22 10:45:00 PM,,0.2,,,
4163,02/06/22 10:50:00 PM,,0.0,,,
4164,02/06/22 10:55:00 PM,,0.0,,,
4165,02/06/22 11:00:00 PM,5.244,0.0,,,
4166,02/06/22 11:05:00 PM,,0.4,,,
4167,02/06/22 11:10:00 PM,,0.2,,,
4168,02/06/22 11:15:00 PM,,0.2,,,
4169,02/06/22 11:20:00 PM,,0.2,,,
4170,02/06/22 11:25:00 PM,,0.4,,,
4171,02/06/22 11:30:00 PM,4.934,0.6,,,
4172,02/06/22 11:35:00 PM,,0.4,,,
4173,02/06/22 11:40:00 PM,,0.6,,,
4174,02/06/22 11:45:00 PM,,0.6,,,
4175,02/06/22 11:50:00 PM,,0.4,,,
4176,02/06/22 11:55:00 PM,,0.4,,,
4177,02/07/22 12:00:00 AM,3.049,0.4,,,
4178,02/07/22 12:05:00 AM,,0.4,,,
4179,02/07/22 12:10:00 AM,,0.4,,,
4180,02/07/22 12:15:00 AM,,0.0,,,
4181,02/07/22 12:20:00 AM,,0.2,,,
4182,02/07/22 12:25:00 AM,,0.2,,,
4183,02/07/22 12:30:00 AM,3.472,0.0,,,
4184,02/07/22 12:35:00 AM,,0.2,,,
4185,02/07/22 12:40:00 AM,,0.0,,,
4186,02/07/22 12:45:00 AM,,0.2,,,
4187,02/07/22 12:50:00 AM,,0.0,,,
4188,02/07/22 12:55:00 AM,,0.0,,,
4189,02/07/22 01:00:00 AM,3.367,0.0,,,
4190,02/07/22 01:05:00 AM,,0.2,,,
4191,02/07/22 01:10:00 AM,,0.0,,,
4192,02/07/22 01:15:00 AM,,0.0,,,
4193,02/07/22 01:20:00 AM,,0.0,,,
4194,02/07/22 01:25:00 AM,,0.0,,,
4195,02/07/22 01:30:00 AM,3.049,0.0,,,
4196,02/07/22 01:35:00 AM,,0.2,,,
4197,02/07/22 01:40:00 AM,,0.0,,,
4198,02/07/22 01:45:00 AM,,0.0,,,
4199,02/07/22 01:50:00 AM,,0.0,,,
4200,02/07/22 01:55:00 AM,,0.0,,,
4201,02/07/22 02:00:00 AM,3.155,0.0,,,
4202,02/07/22 02:05:00 AM,,0.0,,,
4203,02/07/22 02:10:00 AM,,0.2,,,
4204,02/07/22 02:15:00 AM,,0.0,,,
4205,02/07/22 02:20:00 AM,,0.0,,,
4206,02/07/22 02:25:00 AM,,0.0,,,
4207,02/07/22 02:30:00 AM,3.155,0.0,,,
4208,02/07/22 02:35:00 AM,,0.0,,,
4209,02/07/22 02:40:00 AM,,0.2,,,
4210,02/07/22 02:45:00 AM,,0.0,,,
4211,02/07/22 02:50:00 AM,,0.0,,,
4212,02/07/22 02:55:00 AM,,0.0,,,
4213,02/07/22 03:00:00 AM,3.261,0.0,,,
4214,02/07/22 03:05:00 AM,,0.0,,,
4215,02/07/22 03:10:00 AM,,0.0,,,
4216,02/07/22 03:15:00 AM,,0.0,,,
4217,02/07/22 03:20:00 AM,,0.0,,,
4218,02/07/22 03:25:00 AM,,0.2,,,
4219,02/07/22 03:30:00 AM,3.155,0.0,,,
4220,02/07/22 03:35:00 AM,,0.0,,,
4221,02/07/22 03:40:00 AM,,0.0,,,
4222,02/07/22 03:45:00 AM,,0.0,,,
4223,02/07/22 03:50:00 AM,,0.2,,,
4224,02/07/22 03:55:00 AM,,0.0,,,
4225,02/07/22 04:00:00 AM,1.330,0.2,,,
4226,02/07/22 04:05:00 AM,,0.0,,,
4227,02/07/22 04:10:00 AM,,0.0,,,
4228,02/07/22 04:15:00 AM,,0.0,,,
4229,02/07/22 04:20:00 AM,,0.0,,,
4230,02/07/22 04:25:00 AM,,0.0,,,
4231,02/07/22 04:30:00 AM,1.330,0.0,,,
4232,02/07/22 04:35:00 AM,,0.0,,,
4233,02/07/22 04:40:00 AM,,0.0,,,
4234,02/07/22 04:45:00 AM,,0.0,,,
4235,02/07/22 04:50:00 AM,,0.0,,,
4236,02/07/22 04:55:00 AM,,0.0,,,
4237,02/07/22 05:00:00 AM,1.330,0.0,,,
4238,02/07/22 05:05:00 AM,,0.0,,,
4239,02/07/22 05:10:00 AM,,0.0,,,
4240,02/07/22 05:15:00 AM,,0.0,,,
4241,02/07/22 05:20:00 AM,,0.0,,,
4242,02/07/22 05:25:00 AM,,0.0,,,
4243,02/07/22 05:30:00 AM,1.221,0.2,,,
4244,02/07/22 05:35:00 AM,,0.0,,,
4245,02/07/22 05:40:00 AM,,0.0,,,
4246,02/07/22 05:45:00 AM,,0.0,,,
4247,02/07/22 05:50:00 AM,,0.0,,,
4248,02/07/22 05:55:00 AM,,0.0,,,
4249,02/07/22 06:00:00 AM,1.112,0.0,,,
4250,02/07/22 06:05:00 AM,,0.0,,,
4251,02/07/22 06:10:00 AM,,0.0,,,
4252,02/07/22 06:15:00 AM,,0.0,,,
4253,02/07/22 06:20:00 AM,,0.0,,,
4254,02/07/22 06:25:00 AM,,0.0,,,
4255,02/07/22 06:30:00 AM,1.221,0.0,,,
4256,02/07/22 06:35:00 AM,,0.0,,,
4257,02/07/22 06:40:00 AM,,0.0,,,
4258,02/07/22 06:45:00 AM,,0.0,,,
4259,02/07/22 06:50:00 AM,,0.0,,,
4260,02/07/22 06:55:00 AM,,0.0,,,
4261,02/07/22 07:00:00 AM,1.548,0.0,,,
4262,02/07/22 07:05:00 AM,,0.0,,,
4263,02/07/22 07:10:00 AM,,0.0,,,
4264,02/07/22 07:15:00 AM,,0.0,,,
4265,02/07/22 07:20:00 AM,,0.0,,,
4266,02/07/22 07:25:00 AM,,0.0,,,
4267,02/07/22 07:30:00 AM,1.656,0.0,,,
4268,02/07/22 07:35:00 AM,,0.0,,,
4269,02/07/22 07:40:00 AM,,0.0,,,
4270,02/07/22 07:45:00 AM,,0.0,,,
4271,02/07/22 07:50:00 AM,,0.0,,,
4272,02/07/22 07:55:00 AM,,0.0,,,
4273,02/07/22 08:00:00 AM,1.548,0.0,,,
4274,02/07/22 08:05:00 AM,,0.0,,,
4275,02/07/22 08:10:00 AM,,0.0,,,
4276,02/07/22 08:15:00 AM,,0.0,,,
4277,02/07/22 08:20:00 AM,,0.0,,,
4278,02/07/22 08:25:00 AM,,0.0,,,
4279,02/07/22 08:30:00 AM,1.872,0.0,,,
4280,02/07/22 08:35:00 AM,,0.0,,,
4281,02/07/22 08:40:00 AM,,0.0,,,
4282,02/07/22 08:45:00 AM,,0.0,,,
4283,02/07/22 08:50:00 AM,,0.0,,,
4284,02/07/22 08:55:00 AM,,0.0,,,
4285,02/07/22 09:00:00 AM,1.764,0.2,,,
4286,02/07/22 09:05:00 AM,,0.0,,,
4287,02/07/22 09:10:00 AM,,0.0,,,
4288,02/07/22 09:15:00 AM,,0.0,,,
4289,02/07/22 09:20:00 AM,,0.0,,,
4290,02/07/22 09:25:00 AM,,0.0,,,
4291,02/07/22 09:30:00 AM,1.764,0.0,,,
4292,02/07/22 09:35:00 AM,,0.0,,,
4293,02/07/22 09:40:00 AM,,0.0,,,
4294,02/07/22 09:45:00 AM,,0.0,,,
4295,02/07/22 09:50:00 AM,,0.0,,,
4296,02/07/22 09:55:00 AM,,0.0,,,
4297,02/07/22 10:00:00 AM,1.980,0.0,,,
4298,02/07/22 10:05:00 AM,,0.0,,,
4299,02/07/22 10:10:00 AM,,0.0,,,
4300,02/07/22 10:15:00 AM,,0.0,,,
4301,02/07/22 10:20:00 AM,,0.0,,,
4302,02/07/22 10:25:00 AM,,0.0,,,
4303,02/07/22 10:30:00 AM,2.517,0.0,,,
4304,02/07/22 10:35:00 AM,,0.2,,,
4305,02/07/22 10:40:00 AM,,0.0,,,
4306,02/07/22 10:45:00 AM,,0.0,,,
4307,02/07/22 10:50:00 AM,,0.0,,,
4308,02/07/22 10:55:00 AM,,0.0,,,
4309,02/07/22 11:00:00 AM,3.683,0.0,,,
4310,02/07/22 11:05:00 AM,,0.0,,,
4311,02/07/22 11:10:00 AM,,0.0,,,
4312,02/07/22 11:15:00 AM,,0.0,,,
4313,02/07/22 11:20:00 AM,,0.0,,,
4314,02/07/22 11:25:00 AM,,0.0,,,
4315,02/07/22 11:30:00 AM,3.261,0.2,,,
4316,02/07/22 11:35:00 AM,,0.0,,,
4317,02/07/22 11:40:00 AM,,0.0,,,
4318,02/07/22 11:45:00 AM,,0.0,,,
4319,02/07/22 11:50:00 AM,,0.0,,,
4320,02/07/22 11:55:00 AM,,0.0,,,
4321,02/07/22 12:00:00 PM,3.155,0.0,,,
4322,02/07/22 12:05:00 PM,,0.0,,,
4323,02/07/22 12:10:00 PM,,0.0,,,
4324,02/07/22 12:15:00 PM,,0.0,,,
4325,02/07/22 12:20:00 PM,,0.0,,,
4326,02/07/22 12:25:00 PM,,0.0,,,
4327,02/07/22 12:30:00 PM,3.261,0.2,,,
4328,02/07/22 12:35:00 PM,,0.0,,,
4329,02/07/22 12:40:00 PM,,0.0,,,
4330,02/07/22 12:45:00 PM,,0.0,,,
4331,02/07/22 12:50:00 PM,,0.0,,,
4332,02/07/22 12:55:00 PM,,0.0,,,
4333,02/07/22 01:00:00 PM,3.155,0.0,,,
4334,02/07/22 01:05:00 PM,,0.0,,,
4335,02/07/22 01:10:00 PM,,0.0,,,
4336,02/07/22 01:15:00 PM,,0.0,,,
4337,02/07/22 01:20:00 PM,,0.0,,,
4338,02/07/22 01:25:00 PM,,0.0,,,
4339,02/07/22 01:30:00 PM,3.367,0.0,,,
4340,02/07/22 01:35:00 PM,,0.0,,,
4341,02/07/22 01:40:00 PM,,0.0,,,
4342,02/07/22 01:45:00 PM,,0.0,,,
4343,02/07/22 01:50:00 PM,,0.0,,,
4344,02/07/22 01:55:00 PM,,0.0,,,
4345,02/07/22 02:00:00 PM,3.788,0.0,,,
4346,02/07/22 02:05:00 PM,,0.2,,,
4347,02/07/22 02:10:00 PM,,0.0,,,
4348,02/07/22 02:15:00 PM,,0.0,,,
4349,02/07/22 02:20:00 PM,,0.0,,,
4350,02/07/22 02:25:00 PM,,0.0,,,
4351,02/07/22 02:30:00 PM,3.683,0.0,,,
4352,02/07/22 02:35:00 PM,,0.0,,,
4353,02/07/22 02:40:00 PM,,0.0,,,
4354,02/07/22 02:45:00 PM,,0.0,,,
4355,02/07/22 02:50:00 PM,,0.0,,,
4356,02/07/22 02:55:00 PM,,0.0,,,
4357,02/07/22 03:00:00 PM,4.207,0.0,,,
4358,02/07/22 03:05:00 PM,,0.0,,,
4359,02/07/22 03:10:00 PM,,0.0,,,
4360,02/07/22 03:15:00 PM,,0.0,,,
4361,02/07/22 03:20:00 PM,,0.0,,,
4362,02/07/22 03:25:00 PM,,0.0,,,
4363,02/07/22 03:30:00 PM,4.207,0.0,,,
4364,02/07/22 03:35:00 PM,,0.0,,,
4365,02/07/22 03:40:00 PM,,0.0,,,
4366,02/07/22 03:45:00 PM,,0.0,,,
4367,02/07/22 03:50:00 PM,,0.2,,,
4368,02/07/22 03:55:00 PM,,0.0,,,
4369,02/07/22 04:00:00 PM,5.244,0.0,,,
4370,02/07/22 04:05:00 PM,,0.0,,,
4371,02/07/22 04:10:00 PM,,0.0,,,
4372,02/07/22 04:15:00 PM,,0.0,,,
4373,02/07/22 04:20:00 PM,,0.0,,,
4374,02/07/22 04:25:00 PM,,0.0,,,
4375,02/07/22 04:30:00 PM,4.207,0.0,,,
4376,02/07/22 04:35:00 PM,,0.0,,,
4377,02/07/22 04:40:00 PM,,0.0,,,
4378,02/07/22 04:45:00 PM,,0.0,,,
4379,02/07/22 04:50:00 PM,,0.0,,,
4380,02/07/22 04:55:00 PM,,0.0,,,
4381,02/07/22 05:00:00 PM,2.943,0.0,,,
4382,02/07/22 05:05:00 PM,,0.0,,,
4383,02/07/22 05:10:00 PM,,0.0,,,
4384,02/07/22 05:15:00 PM,,0.0,,,
4385,02/07/22 05:20:00 PM,,0.0,,,
4386,02/07/22 05:25:00 PM,,0.0,,,
4387,02/07/22 05:30:00 PM,2.195,0.0,,,
4388,02/07/22 05:35:00 PM,,0.0,,,
4389,02/07/22 05:40:00 PM,,0.0,,,
4390,02/07/22 05:45:00 PM,,0.0,,,
4391,02/07/22 05:50:00 PM,,0.0,,,
4392,02/07/22 05:55:00 PM,,0.0,,,
4393,02/07/22 06:00:00 PM,1.872,0.0,,,
4394,02/07/22 06:05:00 PM,,0.0,,,
4395,02/07/22 06:10:00 PM,,0.0,,,
4396,02/07/22 06:15:00 PM,,0.0,,,
4397,02/07/22 06:20:00 PM,,0.0,,,
4398,02/07/22 06:25:00 PM,,0.0,,,
4399,02/07/22 06:30:00 PM,2.088,0.0,,,
4400,02/07/22 06:35:00 PM,,0.0,,,
4401,02/07/22 06:40:00 PM,,0.0,,,
4402,02/07/22 06:45:00 PM,,0.0,,,
4403,02/07/22 06:50:00 PM,,0.0,,,
4404,02/07/22 06:55:00 PM,,0.0,,,
4405,02/07/22 07:00:00 PM,1.980,0.0,,,
4406,02/07/22 07:05:00 PM,,0.0,,,
4407,02/07/22 07:10:00 PM,,0.0,,,
4408,02/07/22 07:15:00 PM,,0.0,,,
4409,02/07/22 07:20:00 PM,,0.0,,,
4410,02/07/22 07:25:00 PM,,0.0,,,
4411,02/07/22 07:30:00 PM,1.980,0.0,,,
4412,02/07/22 07:35:00 PM,,0.0,,,
4413,02/07/22 07:40:00 PM,,0.0,,,
4414,02/07/22 07:45:00 PM,,0.0,,,
4415,02/07/22 07:50:00 PM,,0.0,,,
4416,02/07/22 07:55:00 PM,,0.0,,,
4417,02/07/22 08:00:00 PM,2.195,0.0,,,
4418,02/07/22 08:05:00 PM,,0.0,,,
4419,02/07/22 08:10:00 PM,,0.0,,,
4420,02/07/22 08:15:00 PM,,0.0,,,
4421,02/07/22 08:20:00 PM,,0.0,,,
4422,02/07/22 08:25:00 PM,,0.0,,,
4423,02/07/22 08:30:00 PM,2.088,0.0,,,
4424,02/07/22 08:35:00 PM,,0.0,,,
4425,02/07/22 08:40:00 PM,,0.0,,,
4426,02/07/22 08:45:00 PM,,0.0,,,
4427,02/07/22 08:50:00 PM,,0.0,,,
4428,02/07/22 08:55:00 PM,,0.0,,,
4429,02/07/22 09:00:00 PM,2.195,0.0,,,
4430,02/07/22 09:05:00 PM,,0.0,,,
4431,02/07/22 09:10:00 PM,,0.0,,,
4432,02/07/22 09:15:00 PM,,0.0,,,
4433,02/07/22 09:20:00 PM,,0.0,,,
4434,02/07/22 09:25:00 PM,,0.0,,,
4435,02/07/22 09:30:00 PM,1.764,0.0,,,
4436,02/07/22 09:35:00 PM,,0.0,,,
4437,02/07/22 09:40:00 PM,,0.0,,,
4438,02/07/22 09:45:00 PM,,0.0,,,
4439,02/07/22 09:50:00 PM,,0.0,,,
4440,02/07/22 09:55:00 PM,,0.0,,,
4441,02/07/22 10:00:00 PM,1.872,0.0,,,
4442,02/07/22 10:05:00 PM,,0.0,,,
4443,02/07/22 10:10:00 PM,,0.0,,,
4444,02/07/22 10:15:00 PM,,0.0,,,
4445,02/07/22 10:20:00 PM,,0.0,,,
4446,02/07/22 10:25:00 PM,,0.0,,,
4447,02/07/22 10:30:00 PM,2.195,0.0,,,
4448,02/07/22 10:35:00 PM,,0.0,,,
4449,02/07/22 10:40:00 PM,,0.0,,,
4450,02/07/22 10:45:00 PM,,0.0,,,
4451,02/07/22 10:50:00 PM,,0.0,,,
4452,02/07/22 10:55:00 PM,,0.0,,,
4453,02/07/22 11:00:00 PM,2.303,0.0,,,
4454,02/07/22 11:05:00 PM,,0.0,,,
4455,02/07/22 11:10:00 PM,,0.0,,,
4456,02/07/22 11:15:00 PM,,0.0,,,
4457,02/07/22 11:20:00 PM,,0.0,,,
4458,02/07/22 11:25:00 PM,,0.0,,,
4459,02/07/22 11:30:00 PM,2.624,0.0,,,
4460,02/07/22 11:35:00 PM,,0.0,,,
4461,02/07/22 11:40:00 PM,,0.0,,,
4462,02/07/22 11:45:00 PM,,0.0,,,
4463,02/07/22 11:50:00 PM,,0.0,,,
4464,02/07/22 11:55:00 PM,,0.0,,,
4465,02/08/22 12:00:00 AM,3.049,0.0,,,
4466,02/08/22 12:05:00 AM,,0.0,,,
4467,02/08/22 12:10:00 AM,,0.0,,,
4468,02/08/22 12:15:00 AM,,0.0,,,
4469,02/08/22 12:20:00 AM,,0.0,,,
4470,02/08/22 12:25:00 AM,,0.0,,,
4471,02/08/22 12:30:00 AM,3.367,0.0,,,
4472,02/08/22 12:35:00 AM,,0.0,,,
4473,02/08/22 12:40:00 AM,,0.0,,,
4474,02/08/22 12:45:00 AM,,0.0,,,
4475,02/08/22 12:50:00 AM,,0.0,,,
4476,02/08/22 12:55:00 AM,,0.0,,,
4477,02/08/22 01:00:00 AM,3.472,0.0,,,
4478,02/08/22 01:05:00 AM,,0.0,,,
4479,02/08/22 01:10:00 AM,,0.0,,,
4480,02/08/22 01:15:00 AM,,0.0,,,
4481,02/08/22 01:20:00 AM,,0.0,,,
4482,02/08/22 01:25:00 AM,,0.0,,,
4483,02/08/22 01:30:00 AM,3.578,0.0,,,
4484,02/08/22 01:35:00 AM,,0.0,,,
4485,02/08/22 01:40:00 AM,,0.0,,,
4486,02/08/22 01:45:00 AM,,0.0,,,
4487,02/08/22 01:50:00 AM,,0.0,,,
4488,02/08/22 01:55:00 AM,,0.0,,,
4489,02/08/22 02:00:00 AM,3.367,0.0,,,
4490,02/08/22 02:05:00 AM,,0.0,,,
4491,02/08/22 02:10:00 AM,,0.0,,,
4492,02/08/22 02:15:00 AM,,0.0,,,
4493,02/08/22 02:20:00 AM,,0.0,,,
4494,02/08/22 02:25:00 AM,,0.0,,,
4495,02/08/22 02:30:00 AM,3.049,0.0,,,
4496,02/08/22 02:35:00 AM,,0.0,,,
4497,02/08/22 02:40:00 AM,,0.0,,,
4498,02/08/22 02:45:00 AM,,0.0,,,
4499,02/08/22 02:50:00 AM,,0.0,,,
4500,02/08/22 02:55:00 AM,,0.0,,,
4501,02/08/22 03:00:00 AM,3.155,0.0,,,
4502,02/08/22 03:05:00 AM,,0.0,,,
4503,02/08/22 03:10:00 AM,,0.0,,,
4504,02/08/22 03:15:00 AM,,0.0,,,
4505,02/08/22 03:20:00 AM,,0.0,,,
4506,02/08/22 03:25:00 AM,,0.0,,,
4507,02/08/22 03:30:00 AM,3.578,0.0,,,
4508,02/08/22 03:35:00 AM,,0.0,,,
4509,02/08/22 03:40:00 AM,,0.0,,,
4510,02/08/22 03:45:00 AM,,0.0,,,
4511,02/08/22 03:50:00 AM,,0.0,,,
4512,02/08/22 03:55:00 AM,,0.0,,,
4513,02/08/22 04:00:00 AM,3.683,0.0,,,
4514,02/08/22 04:05:00 AM,,0.0,,,
4515,02/08/22 04:10:00 AM,,0.0,,,
4516,02/08/22 04:15:00 AM,,0.0,,,
4517,02/08/22 04:20:00 AM,,0.0,,,
4518,02/08/22 04:25:00 AM,,0.0,,,
4519,02/08/22 04:30:00 AM,3.788,0.0,,,
4520,02/08/22 04:35:00 AM,,0.0,,,
4521,02/08/22 04:40:00 AM,,0.0,,,
4522,02/08/22 04:45:00 AM,,0.0,,,
4523,02/08/22 04:50:00 AM,,0.0,,,
4524,02/08/22 04:55:00 AM,,0.0,,,
4525,02/08/22 05:00:00 AM,4.207,0.0,,,
4526,02/08/22 05:05:00 AM,,0.0,,,
4527,02/08/22 05:10:00 AM,,0.0,,,
4528,02/08/22 05:15:00 AM,,0.0,,,
4529,02/08/22 05:20:00 AM,,0.0,,,
4530,02/08/22 05:25:00 AM,,0.0,,,
4531,02/08/22 05:30:00 AM,4.207,0.0,,,
4532,02/08/22 05:35:00 AM,,0.0,,,
4533,02/08/22 05:40:00 AM,,0.0,,,
4534,02/08/22 05:45:00 AM,,0.0,,,
4535,02/08/22 05:50:00 AM,,0.0,,,
4536,02/08/22 05:55:00 AM,,0.0,,,
4537,02/08/22 06:00:00 AM,4.207,0.0,,,
4538,02/08/22 06:05:00 AM,,0.0,,,
4539,02/08/22 06:10:00 AM,,0.0,,,
4540,02/08/22 06:15:00 AM,,0.0,,,
4541,02/08/22 06:20:00 AM,,0.0,,,
4542,02/08/22 06:25:00 AM,,0.0,,,
4543,02/08/22 06:30:00 AM,4.415,0.0,,,
4544,02/08/22 06:35:00 AM,,0.0,,,
4545,02/08/22 06:40:00 AM,,0.0,,,
4546,02/08/22 06:45:00 AM,,0.0,,,
4547,02/08/22 06:50:00 AM,,0.0,,,
4548,02/08/22 06:55:00 AM,,0.0,,,
4549,02/08/22 07:00:00 AM,4.831,0.0,,,
4550,02/08/22 07:05:00 AM,,0.0,,,
4551,02/08/22 07:10:00 AM,,0.0,,,
4552,02/08/22 07:15:00 AM,,0.0,,,
4553,02/08/22 07:20:00 AM,,0.0,,,
4554,02/08/22 07:25:00 AM,,0.0,,,
4555,02/08/22 07:30:00 AM,4.934,0.0,,,
4556,02/08/22 07:35:00 AM,,0.0,,,
4557,02/08/22 07:40:00 AM,,0.0,,,
4558,02/08/22 07:45:00 AM,,0.0,,,
4559,02/08/22 07:50:00 AM,,0.0,,,
4560,02/08/22 07:55:00 AM,,0.0,,,
4561,02/08/22 08:00:00 AM,5.450,0.0,,,
4562,02/08/22 08:05:00 AM,,0.0,,,
4563,02/08/22 08:10:00 AM,,0.0,,,
4564,02/08/22 08:15:00 AM,,0.0,,,
4565,02/08/22 08:20:00 AM,,0.0,,,
4566,02/08/22 08:25:00 AM,,0.0,,,
4567,02/08/22 08:30:00 AM,5.962,0.0,,,
4568,02/08/22 08:35:00 AM,,0.0,,,
4569,02/08/22 08:40:00 AM,,0.0,,,
4570,02/08/22 08:45:00 AM,,0.0,,,
4571,02/08/22 08:50:00 AM,,0.0,,,
4572,02/08/22 08:55:00 AM,,0.0,,,
4573,02/08/22 09:00:00 AM,6.370,0.0,,,
4574,02/08/22 09:05:00 AM,,0.0,,,
4575,02/08/22 09:10:00 AM,,0.0,,,
4576,02/08/22 09:15:00 AM,,0.0,,,
4577,02/08/22 09:20:00 AM,,0.0,,,
4578,02/08/22 09:25:00 AM,,0.0,,,
4579,02/08/22 09:30:00 AM,6.775,0.0,,,
4580,02/08/22 09:35:00 AM,,0.0,,,
4581,02/08/22 09:40:00 AM,,0.0,,,
4582,02/08/22 09:45:00 AM,,0.0,,,
4583,02/08/22 09:50:00 AM,,0.0,,,
4584,02/08/22 09:55:00 AM,,0.0,,,
4585,02/08/22 10:00:00 AM,7.179,0.0,,,
4586,02/08/22 10:05:00 AM,,0.0,,,
4587,02/08/22 10:10:00 AM,,0.0,,,
4588,02/08/22 10:15:00 AM,,0.0,,,
4589,02/08/22 10:20:00 AM,,0.0,,,
4590,02/08/22 10:25:00 AM,,0.0,,,
4591,02/08/22 10:30:00 AM,7.280,0.0,,,
4592,02/08/22 10:35:00 AM,,0.0,,,
4593,02/08/22 10:40:00 AM,,0.0,,,
4594,02/08/22 10:45:00 AM,,0.0,,,
4595,02/08/22 10:50:00 AM,,0.0,,,
4596,02/08/22 10:55:00 AM,,0.0,,,
4597,02/08/22 11:00:00 AM,7.280,0.0,,,
4598,02/08/22 11:05:00 AM,,0.0,,,
4599,02/08/22 11:10:00 AM,,0.0,,,
4600,02/08/22 11:15:00 AM,,0.0,,,
4601,02/08/22 11:20:00 AM,,0.0,,,
4602,02/08/22 11:25:00 AM,,0.0,,,
4603,02/08/22 11:30:00 AM,7.381,0.0,,,
4604,02/08/22 11:35:00 AM,,0.0,,,
4605,02/08/22 11:40:00 AM,,0.0,,,
4606,02/08/22 11:45:00 AM,,0.0,,,
4607,02/08/22 11:50:00 AM,,0.0,,,
4608,02/08/22 11:55:00 AM,,0.0,,,
4609,02/08/22 12:00:00 PM,7.481,0.0,,,
4610,02/08/22 12:05:00 PM,,0.0,,,
4611,02/08/22 12:10:00 PM,,0.0,,,
4612,02/08/22 12:15:00 PM,,0.0,,,
4613,02/08/22 12:20:00 PM,,0.0,,,
4614,02/08/22 12:25:00 PM,,0.0,,,
4615,02/08/22 12:30:00 PM,7.782,0.0,,,
4616,02/08/22 12:35:00 PM,,0.0,,,
4617,02/08/22 12:40:00 PM,,0.0,,,
4618,02/08/22 12:45:00 PM,,0.0,,,
4619,02/08/22 12:50:00 PM,,0.0,,,
4620,02/08/22 12:55:00 PM,,0.0,,,
4621,02/08/22 01:00:00 PM,7.882,0.0,,,
4622,02/08/22 01:05:00 PM,,0.0,,,
4623,02/08/22 01:10:00 PM,,0.0,,,
4624,02/08/22 01:15:00 PM,,0.0,,,
4625,02/08/22 01:20:00 PM,,0.0,,,
4626,02/08/22 01:25:00 PM,,0.0,,,
4627,02/08/22 01:30:00 PM,7.882,0.0,,,
4628,02/08/22 01:35:00 PM,,0.0,,,
4629,02/08/22 01:40:00 PM,,0.0,,,
4630,02/08/22 01:45:00 PM,,0.0,,,
4631,02/08/22 01:50:00 PM,,0.0,,,
4632,02/08/22 01:55:00 PM,,0.0,,,
4633,02/08/22 02:00:00 PM,7.782,0.0,,,
4634,02/08/22 02:05:00 PM,,0.0,,,
4635,02/08/22 02:10:00 PM,,0.0,,,
4636,02/08/22 02:15:00 PM,,0.0,,,
4637,02/08/22 02:20:00 PM,,0.0,,,
4638,02/08/22 02:25:00 PM,,0.0,,,
4639,02/08/22 02:30:00 PM,7.983,0.0,,,
4640,02/08/22 02:35:00 PM,,0.0,,,
4641,02/08/22 02:40:00 PM,,0.0,,,
4642,02/08/22 02:45:00 PM,,0.0,,,
4643,02/08/22 02:50:00 PM,,0.0,,,
4644,02/08/22 02:55:00 PM,,0.0,,,
4645,02/08/22 03:00:00 PM,7.882,0.0,,,
4646,02/08/22 03:05:00 PM,,0.0,,,
4647,02/08/22 03:10:00 PM,,0.0,,,
4648,02/08/22 03:15:00 PM,,0.0,,,
4649,02/08/22 03:20:00 PM,,0.0,,,
4650,02/08/22 03:25:00 PM,,0.0,,,
4651,02/08/22 03:30:00 PM,7.882,0.0,,,
4652,02/08/22 03:35:00 PM,,0.0,,,
4653,02/08/22 03:40:00 PM,,0.0,,,
4654,02/08/22 03:45:00 PM,,0.0,,,
4655,02/08/22 03:50:00 PM,,0.0,,,
4656,02/08/22 03:55:00 PM,,0.0,,,
4657,02/08/22 04:00:00 PM,7.682,0.0,,,
4658,02/08/22 04:05:00 PM,,0.0,,,
4659,02/08/22 04:10:00 PM,,0.0,,,
4660,02/08/22 04:15:00 PM,,0.0,,,
4661,02/08/22 04:20:00 PM,,0.0,,,
4662,02/08/22 04:25:00 PM,,0.0,,,
4663,02/08/22 04:30:00 PM,7.481,0.0,,,
4664,02/08/22 04:35:00 PM,,0.0,,,
4665,02/08/22 04:40:00 PM,,0.0,,,
4666,02/08/22 04:45:00 PM,,0.0,,,
4667,02/08/22 04:50:00 PM,,0.0,,,
4668,02/08/22 04:55:00 PM,,0.0,,,
4669,02/08/22 05:00:00 PM,7.782,0.0,,,
4670,02/08/22 05:05:00 PM,,0.0,,,
4671,02/08/22 05:10:00 PM,,0.0,,,
4672,02/08/22 05:15:00 PM,,0.0,,,
4673,02/08/22 05:20:00 PM,,0.0,,,
4674,02/08/22 05:25:00 PM,,0.0,,,
4675,02/08/22 05:30:00 PM,7.381,0.0,,,
4676,02/08/22 05:35:00 PM,,0.0,,,
4677,02/08/22 05:40:00 PM,,0.0,,,
4678,02/08/22 05:45:00 PM,,0.0,,,
4679,02/08/22 05:50:00 PM,,0.0,,,
4680,02/08/22 05:55:00 PM,,0.0,,,
4681,02/08/22 06:00:00 PM,7.582,0.0,,,
4682,02/08/22 06:05:00 PM,,0.0,,,
4683,02/08/22 06:10:00 PM,,0.0,,,
4684,02/08/22 06:15:00 PM,,0.0,,,
4685,02/08/22 06:20:00 PM,,0.0,,,
4686,02/08/22 06:25:00 PM,,0.0,,,
4687,02/08/22 06:30:00 PM,7.782,0.0,,,
4688,02/08/22 06:35:00 PM,,0.0,,,
4689,02/08/22 06:40:00 PM,,0.0,,,
4690,02/08/22 06:45:00 PM,,0.0,,,
4691,02/08/22 06:50:00 PM,,0.0,,,
4692,02/08/22 06:55:00 PM,,0.0,,,
4693,02/08/22 07:00:00 PM,7.079,0.0,,,
4694,02/08/22 07:05:00 PM,,0.0,,,
4695,02/08/22 07:10:00 PM,,0.0,,,
4696,02/08/22 07:15:00 PM,,0.0,,,
4697,02/08/22 07:20:00 PM,,0.0,,,
4698,02/08/22 07:25:00 PM,,0.0,,,
4699,02/08/22 07:30:00 PM,6.370,0.0,,,
4700,02/08/22 07:35:00 PM,,0.0,,,
4701,02/08/22 07:40:00 PM,,0.0,,,
4702,02/08/22 07:45:00 PM,,0.0,,,
4703,02/08/22 07:50:00 PM,,0.0,,,
4704,02/08/22 07:55:00 PM,,0.0,,,
4705,02/08/22 08:00:00 PM,6.166,0.0,,,
4706,02/08/22 08:05:00 PM,,0.0,,,
4707,02/08/22 08:10:00 PM,,0.0,,,
4708,02/08/22 08:15:00 PM,,0.0,,,
4709,02/08/22 08:20:00 PM,,0.0,,,
4710,02/08/22 08:25:00 PM,,0.0,,,
4711,02/08/22 08:30:00 PM,6.268,0.0,,,
4712,02/08/22 08:35:00 PM,,0.0,,,
4713,02/08/22 08:40:00 PM,,0.0,,,
4714,02/08/22 08:45:00 PM,,0.0,,,
4715,02/08/22 08:50:00 PM,,0.0,,,
4716,02/08/22 08:55:00 PM,,0.0,,,
4717,02/08/22 09:00:00 PM,6.573,0.0,,,
4718,02/08/22 09:05:00 PM,,0.0,,,
4719,02/08/22 09:10:00 PM,,0.0,,,
4720,02/08/22 09:15:00 PM,,0.0,,,
4721,02/08/22 09:20:00 PM,,0.0,,,
4722,02/08/22 09:25:00 PM,,0.0,,,
4723,02/08/22 09:30:00 PM,6.471,0.0,,,
4724,02/08/22 09:35:00 PM,,0.0,,,
4725,02/08/22 09:40:00 PM,,0.0,,,
4726,02/08/22 09:45:00 PM,,0.0,,,
4727,02/08/22 09:50:00 PM,,0.0,,,
4728,02/08/22 09:55:00 PM,,0.0,,,
4729,02/08/22 10:00:00 PM,6.370,0.0,,,
4730,02/08/22 10:05:00 PM,,0.0,,,
4731,02/08/22 10:10:00 PM,,0.0,,,
4732,02/08/22 10:15:00 PM,,0.0,,,
4733,02/08/22 10:20:00 PM,,0.0,,,
4734,02/08/22 10:25:00 PM,,0.0,,,
4735,02/08/22 10:30:00 PM,6.370,0.0,,,
4736,02/08/22 10:35:00 PM,,0.0,,,
4737,02/08/22 10:40:00 PM,,0.0,,,
4738,02/08/22 10:45:00 PM,,0.0,,,
4739,02/08/22 10:50:00 PM,,0.0,,,
4740,02/08/22 10:55:00 PM,,0.0,,,
4741,02/08/22 11:00:00 PM,6.370,0.0,,,
4742,02/08/22 11:05:00 PM,,0.0,,,
4743,02/08/22 11:10:00 PM,,0.0,,,
4744,02/08/22 11:15:00 PM,,0.0,,,
4745,02/08/22 11:20:00 PM,,0.0,,,
4746,02/08/22 11:25:00 PM,,0.0,,,
4747,02/08/22 11:30:00 PM,6.268,0.0,,,
4748,02/08/22 11:35:00 PM,,0.0,,,
4749,02/08/22 11:40:00 PM,,0.0,,,
4750,02/08/22 11:45:00 PM,,0.0,,,
4751,02/08/22 11:50:00 PM,,0.0,,,
4752,02/08/22 11:55:00 PM,,0.0,,,
4753,02/09/22 12:00:00 AM,6.064,0.0,,,
4754,02/09/22 12:05:00 AM,,0.0,,,
4755,02/09/22 12:10:00 AM,,0.0,,,
4756,02/09/22 12:15:00 AM,,0.0,,,
4757,02/09/22 12:20:00 AM,,0.0,,,
4758,02/09/22 12:25:00 AM,,0.0,,,
4759,02/09/22 12:30:00 AM,6.064,0.0,,,
4760,02/09/22 12:35:00 AM,,0.0,,,
4761,02/09/22 12:40:00 AM,,0.0,,,
4762,02/09/22 12:45:00 AM,,0.0,,,
4763,02/09/22 12:50:00 AM,,0.0,,,
4764,02/09/22 12:55:00 AM,,0.0,,,
4765,02/09/22 01:00:00 AM,6.064,0.0,,,
4766,02/09/22 01:05:00 AM,,0.0,,,
4767,02/09/22 01:10:00 AM,,0.0,,,
4768,02/09/22 01:15:00 AM,,0.0,,,
4769,02/09/22 01:20:00 AM,,0.0,,,
4770,02/09/22 01:25:00 AM,,0.0,,,
4771,02/09/22 01:30:00 AM,6.166,0.0,,,
4772,02/09/22 01:35:00 AM,,0.0,,,
4773,02/09/22 01:40:00 AM,,0.0,,,
4774,02/09/22 01:45:00 AM,,0.0,,,
4775,02/09/22 01:50:00 AM,,0.0,,,
4776,02/09/22 01:55:00 AM,,0.0,,,
4777,02/09/22 02:00:00 AM,5.962,0.0,,,
4778,02/09/22 02:05:00 AM,,0.0,,,
4779,02/09/22 02:10:00 AM,,0.0,,,
4780,02/09/22 02:15:00 AM,,0.0,,,
4781,02/09/22 02:20:00 AM,,0.0,,,
4782,02/09/22 02:25:00 AM,,0.0,,,
4783,02/09/22 02:30:00 AM,5.962,0.0,,,
4784,02/09/22 02:35:00 AM,,0.0,,,
4785,02/09/22 02:40:00 AM,,0.0,,,
4786,02/09/22 02:45:00 AM,,0.0,,,
4787,02/09/22 02:50:00 AM,,0.0,,,
4788,02/09/22 02:55:00 AM,,0.0,,,
4789,02/09/22 03:00:00 AM,5.655,0.0,,,
4790,02/09/22 03:05:00 AM,,0.0,,,
4791,02/09/22 03:10:00 AM,,0.0,,,
4792,02/09/22 03:15:00 AM,,0.0,,,
4793,02/09/22 03:20:00 AM,,0.0,,,
4794,02/09/22 03:25:00 AM,,0.0,,,
4795,02/09/22 03:30:00 AM,5.860,0.0,,,
4796,02/09/22 03:35:00 AM,,0.0,,,
4797,02/09/22 03:40:00 AM,,0.0,,,
4798,02/09/22 03:45:00 AM,,0.0,,,
4799,02/09/22 03:50:00 AM,,0.0,,,
4800,02/09/22 03:55:00 AM,,0.0,,,
4801,02/09/22 04:00:00 AM,5.962,0.0,,,
4802,02/09/22 04:05:00 AM,,0.0,,,
4803,02/09/22 04:10:00 AM,,0.0,,,
4804,02/09/22 04:15:00 AM,,0.0,,,
4805,02/09/22 04:20:00 AM,,0.0,,,
4806,02/09/22 04:25:00 AM,,0.0,,,
4807,02/09/22 04:30:00 AM,6.064,0.0,,,
4808,02/09/22 04:35:00 AM,,0.0,,,
4809,02/09/22 04:40:00 AM,,0.0,,,
4810,02/09/22 04:45:00 AM,,0.0,,,
4811,02/09/22 04:50:00 AM,,0.0,,,
4812,02/09/22 04:55:00 AM,,0.0,,,
4813,02/09/22 05:00:00 AM,6.064,0.0,,,
4814,02/09/22 05:05:00 AM,,0.0,,,
4815,02/09/22 05:10:00 AM,,0.0,,,
4816,02/09/22 05:15:00 AM,,0.0,,,
4817,02/09/22 05:20:00 AM,,0.0,,,
4818,02/09/22 05:25:00 AM,,0.0,,,
4819,02/09/22 05:30:00 AM,5.757,0.0,,,
4820,02/09/22 05:35:00 AM,,0.0,,,
4821,02/09/22 05:40:00 AM,,0.0,,,
4822,02/09/22 05:45:00 AM,,0.0,,,
4823,02/09/22 05:50:00 AM,,0.0,,,
4824,02/09/22 05:55:00 AM,,0.0,,,
4825,02/09/22 06:00:00 AM,4.727,0.0,,,
4826,02/09/22 06:05:00 AM,,0.0,,,
4827,02/09/22 06:10:00 AM,,0.0,,,
4828,02/09/22 06:15:00 AM,,0.0,,,
4829,02/09/22 06:20:00 AM,,0.0,,,
4830,02/09/22 06:25:00 AM,,0.0,,,
4831,02/09/22 06:30:00 AM,3.893,0.0,,,
4832,02/09/22 06:35:00 AM,,0.0,,,
4833,02/09/22 06:40:00 AM,,0.0,,,
4834,02/09/22 06:45:00 AM,,0.0,,,
4835,02/09/22 06:50:00 AM,,0.0,,,
4836,02/09/22 06:55:00 AM,,0.0,,,
4837,02/09/22 07:00:00 AM,3.788,0.0,,,
4838,02/09/22 07:05:00 AM,,0.0,,,
4839,02/09/22 07:10:00 AM,,0.0,,,
4840,02/09/22 07:15:00 AM,,0.0,,,
4841,02/09/22 07:20:00 AM,,0.0,,,
4842,02/09/22 07:25:00 AM,,0.0,,,
4843,02/09/22 07:30:00 AM,3.683,0.0,,,
4844,02/09/22 07:35:00 AM,,0.0,,,
4845,02/09/22 07:40:00 AM,,0.0,,,
4846,02/09/22 07:45:00 AM,,0.0,,,
4847,02/09/22 07:50:00 AM,,0.0,,,
4848,02/09/22 07:55:00 AM,,0.0,,,
4849,02/09/22 08:00:00 AM,3.788,0.0,,,
4850,02/09/22 08:05:00 AM,,0.0,,,
4851,02/09/22 08:10:00 AM,,0.0,,,
4852,02/09/22 08:15:00 AM,,0.0,,,
4853,02/09/22 08:20:00 AM,,0.0,,,
4854,02/09/22 08:25:00 AM,,0.0,,,
4855,02/09/22 08:30:00 AM,4.207,0.0,,,
4856,02/09/22 08:35:00 AM,,0.0,,,
4857,02/09/22 08:40:00 AM,,0.0,,,
4858,02/09/22 08:45:00 AM,,0.0,,,
4859,02/09/22 08:50:00 AM,,0.0,,,
4860,02/09/22 08:55:00 AM,,0.0,,,
4861,02/09/22 09:00:00 AM,4.623,0.0,,,
4862,02/09/22 09:05:00 AM,,0.0,,,
4863,02/09/22 09:10:00 AM,,0.0,,,
4864,02/09/22 09:15:00 AM,,0.0,,,
4865,02/09/22 09:20:00 AM,,0.0,,,
4866,02/09/22 09:25:00 AM,,0.0,,,
4867,02/09/22 09:30:00 AM,4.207,0.0,,,
4868,02/09/22 09:35:00 AM,,0.0,,,
4869,02/09/22 09:40:00 AM,,0.0,,,
4870,02/09/22 09:45:00 AM,,0.0,,,
4871,02/09/22 09:50:00 AM,,0.0,,,
4872,02/09/22 09:55:00 AM,,0.0,,,
4873,02/09/22 10:00:00 AM,4.519,0.0,,,
4874,02/09/22 10:05:00 AM,,0.0,,,
4875,02/09/22 10:10:00 AM,,0.0,,,
4876,02/09/22 10:15:00 AM,,0.0,,,
4877,02/09/22 10:20:00 AM,,0.0,,,
4878,02/09/22 10:25:00 AM,,0.0,,,
4879,02/09/22 10:30:00 AM,5.244,0.0,,,
4880,02/09/22 10:35:00 AM,,0.0,,,
4881,02/09/22 10:40:00 AM,,0.0,,,
4882,02/09/22 10:45:00 AM,,0.0,,,
4883,02/09/22 10:50:00 AM,,0.0,,,
4884,02/09/22 10:55:00 AM,,0.0,,,
4885,02/09/22 11:00:00 AM,5.552,0.0,,,
4886,02/09/22 11:05:00 AM,,0.0,,,
4887,02/09/22 11:10:00 AM,,0.0,,,
4888,02/09/22 11:15:00 AM,,0.0,,,
4889,02/09/22 11:20:00 AM,,0.0,,,
4890,02/09/22 11:25:00 AM,,0.0,,,
4891,02/09/22 11:30:00 AM,6.370,0.0,,,
4892,02/09/22 11:35:00 AM,,0.0,,,
4893,02/09/22 11:40:00 AM,,0.0,,,
4894,02/09/22 11:45:00 AM,,0.0,,,
4895,02/09/22 11:50:00 AM,,0.0,,,
4896,02/09/22 11:55:00 AM,,0.0,,,
4897,02/09/22 12:00:00 PM,7.179,0.0,,,
4898,02/09/22 12:05:00 PM,,0.0,,,
4899,02/09/22 12:10:00 PM,,0.0,,,
4900,02/09/22 12:15:00 PM,,0.0,,,
4901,02/09/22 12:20:00 PM,,0.0,,,
4902,02/09/22 12:25:00 PM,,0.0,,,
4903,02/09/22 12:30:00 PM,8.082,0.0,,,
4904,02/09/22 12:35:00 PM,,0.0,,,
4905,02/09/22 12:40:00 PM,,0.0,,,
4906,02/09/22 12:45:00 PM,,0.0,,,
4907,02/09/22 12:50:00 PM,,0.0,,,
4908,02/09/22 12:55:00 PM,,0.0,,,
4909,02/09/22 01:00:00 PM,8.779,0.0,,,
4910,02/09/22 01:05:00 PM,,0.0,,,
4911,02/09/22 01:10:00 PM,,0.0,,,
4912,02/09/22 01:15:00 PM,,0.0,,,
4913,02/09/22 01:20:00 PM,,0.0,,,
4914,02/09/22 01:25:00 PM,,0.0,,,
4915,02/09/22 01:30:00 PM,9.373,0.0,,,
4916,02/09/22 01:35:00 PM,,0.0,,,
4917,02/09/22 01:40:00 PM,,0.0,,,
4918,02/09/22 01:45:00 PM,,0.0,,,
4919,02/09/22 01:50:00 PM,,0.0,,,
4920,02/09/22 01:55:00 PM,,0.0,,,
4921,02/09/22 02:00:00 PM,9.669,0.0,,,
4922,02/09/22 02:05:00 PM,,0.0,,,
4923,02/09/22 02:10:00 PM,,0.0,,,
4924,02/09/22 02:15:00 PM,,0.0,,,
4925,02/09/22 02:20:00 PM,,0.0,,,
4926,02/09/22 02:25:00 PM,,0.0,,,
4927,02/09/22 02:30:00 PM,10.553,0.0,,,
4928,02/09/22 02:35:00 PM,,0.0,,,
4929,02/09/22 02:40:00 PM,,0.0,,,
4930,02/09/22 02:45:00 PM,,0.0,,,
4931,02/09/22 02:50:00 PM,,0.0,,,
4932,02/09/22 02:55:00 PM,,0.0,,,
4933,02/09/22 03:00:00 PM,13.942,0.0,,,
4934,02/09/22 03:05:00 PM,,0.0,,,
4935,02/09/22 03:10:00 PM,,0.0,,,
4936,02/09/22 03:15:00 PM,,0.0,,,
4937,02/09/22 03:20:00 PM,,0.0,,,
4938,02/09/22 03:25:00 PM,,0.0,,,
4939,02/09/22 03:30:00 PM,14.804,0.0,,,
4940,02/09/22 03:35:00 PM,,0.0,,,
4941,02/09/22 03:40:00 PM,,0.0,,,
4942,02/09/22 03:45:00 PM,,0.0,,,
4943,02/09/22 03:50:00 PM,,0.0,,,
4944,02/09/22 03:55:00 PM,,0.0,,,
4945,02/09/22 04:00:00 PM,14.421,0.0,,,
4946,02/09/22 04:05:00 PM,,0.0,,,
4947,02/09/22 04:10:00 PM,,0.0,,,
4948,02/09/22 04:15:00 PM,,0.0,,,
4949,02/09/22 04:20:00 PM,,0.0,,,
4950,02/09/22 04:25:00 PM,,0.0,,,
4951,02/09/22 04:30:00 PM,11.625,0.0,,,
4952,02/09/22 04:35:00 PM,,0.0,,,
4953,02/09/22 04:40:00 PM,,0.0,,,
4954,02/09/22 04:45:00 PM,,0.0,,,
4955,02/09/22 04:50:00 PM,,0.0,,,
4956,02/09/22 04:55:00 PM,,0.0,,,
4957,02/09/22 05:00:00 PM,8.481,0.0,,,
4958,02/09/22 05:05:00 PM,,0.0,,,
4959,02/09/22 05:10:00 PM,,0.0,,,
4960,02/09/22 05:15:00 PM,,0.0,,,
4961,02/09/22 05:20:00 PM,,0.0,,,
4962,02/09/22 05:25:00 PM,,0.0,,,
4963,02/09/22 05:30:00 PM,7.179,0.0,,,
4964,02/09/22 05:35:00 PM,,0.0,,,
4965,02/09/22 05:40:00 PM,,0.0,,,
4966,02/09/22 05:45:00 PM,,0.0,,,
4967,02/09/22 05:50:00 PM,,0.0,,,
4968,02/09/22 05:55:00 PM,,0.0,,,
4969,02/09/22 06:00:00 PM,6.674,0.0,,,
4970,02/09/22 06:05:00 PM,,0.0,,,
4971,02/09/22 06:10:00 PM,,0.0,,,
4972,02/09/22 06:15:00 PM,,0.0,,,
4973,02/09/22 06:20:00 PM,,0.0,,,
4974,02/09/22 06:25:00 PM,,0.0,,,
4975,02/09/22 06:30:00 PM,7.782,0.0,,,
4976,02/09/22 06:35:00 PM,,0.0,,,
4977,02/09/22 06:40:00 PM,,0.0,,,
4978,02/09/22 06:45:00 PM,,0.0,,,
4979,02/09/22 06:50:00 PM,,0.0,,,
4980,02/09/22 06:55:00 PM,,0.0,,,
4981,02/09/22 07:00:00 PM,8.382,0.0,,,
4982,02/09/22 07:05:00 PM,,0.0,,,
4983,02/09/22 07:10:00 PM,,0.0,,,
4984,02/09/22 07:15:00 PM,,0.0,,,
4985,02/09/22 07:20:00 PM,,0.0,,,
4986,02/09/22 07:25:00 PM,,0.0,,,
4987,02/09/22 07:30:00 PM,8.182,0.0,,,
4988,02/09/22 07:35:00 PM,,0.0,,,
4989,02/09/22 07:40:00 PM,,0.0,,,
4990,02/09/22 07:45:00 PM,,0.0,,,
4991,02/09/22 07:50:00 PM,,0.0,,,
4992,02/09/22 07:55:00 PM,,0.0,,,
4993,02/09/22 08:00:00 PM,7.782,0.0,,,
4994,02/09/22 08:05:00 PM,,0.0,,,
4995,02/09/22 08:10:00 PM,,0.0,,,
4996,02/09/22 08:15:00 PM,,0.0,,,
4997,02/09/22 08:20:00 PM,,0.0,,,
4998,02/09/22 08:25:00 PM,,0.0,,,
4999,02/09/22 08:30:00 PM,7.882,0.0,,,
5000,02/09/22 08:35:00 PM,,0.0,,,
5001,02/09/22 08:40:00 PM,,0.0,,,
5002,02/09/22 08:45:00 PM,,0.0,,,
5003,02/09/22 08:50:00 PM,,0.0,,,
5004,02/09/22 08:55:00 PM,,0.0,,,
5005,02/09/22 09:00:00 PM,8.282,0.0,,,
5006,02/09/22 09:05:00 PM,,0.0,,,
5007,02/09/22 09:10:00 PM,,0.0,,,
5008,02/09/22 09:15:00 PM,,0.0,,,
5009,02/09/22 09:20:00 PM,,0.0,,,
5010,02/09/22 09:25:00 PM,,0.0,,,
5011,02/09/22 09:30:00 PM,7.983,0.0,,,
5012,02/09/22 09:35:00 PM,,0.0,,,
5013,02/09/22 09:40:00 PM,,0.0,,,
5014,02/09/22 09:45:00 PM,,0.0,,,
5015,02/09/22 09:50:00 PM,,0.0,,,
5016,02/09/22 09:55:00 PM,,0.0,,,
5017,02/09/22 10:00:00 PM,7.782,0.0,,,
5018,02/09/22 10:05:00 PM,,0.0,,,
5019,02/09/22 10:10:00 PM,,0.0,,,
5020,02/09/22 10:15:00 PM,,0.0,,,
5021,02/09/22 10:20:00 PM,,0.0,,,
5022,02/09/22 10:25:00 PM,,0.0,,,
5023,02/09/22 10:30:00 PM,8.182,0.0,,,
5024,02/09/22 10:35:00 PM,,0.0,,,
5025,02/09/22 10:40:00 PM,,0.0,,,
5026,02/09/22 10:45:00 PM,,0.0,,,
5027,02/09/22 10:50:00 PM,,0.0,,,
5028,02/09/22 10:55:00 PM,,0.0,,,
5029,02/09/22 11:00:00 PM,7.682,0.0,,,
5030,02/09/22 11:05:00 PM,,0.0,,,
5031,02/09/22 11:10:00 PM,,0.0,,,
5032,02/09/22 11:15:00 PM,,0.0,,,
5033,02/09/22 11:20:00 PM,,0.0,,,
5034,02/09/22 11:25:00 PM,,0.0,,,
5035,02/09/22 11:30:00 PM,7.381,0.0,,,
5036,02/09/22 11:35:00 PM,,0.0,,,
5037,02/09/22 11:40:00 PM,,0.0,,,
5038,02/09/22 11:45:00 PM,,0.0,,,
5039,02/09/22 11:50:00 PM,,0.0,,,
5040,02/09/22 11:55:00 PM,,0.0,,,
5041,02/10/22 12:00:00 AM,7.983,0.0,,,
5042,02/10/22 12:05:00 AM,,0.0,,,
5043,02/10/22 12:10:00 AM,,0.0,,,
5044,02/10/22 12:15:00 AM,,0.0,,,
5045,02/10/22 12:20:00 AM,,0.0,,,
5046,02/10/22 12:25:00 AM,,0.0,,,
5047,02/10/22 12:30:00 AM,8.680,0.0,,,
5048,02/10/22 12:35:00 AM,,0.0,,,
5049,02/10/22 12:40:00 AM,,0.0,,,
5050,02/10/22 12:45:00 AM,,0.0,,,
5051,02/10/22 12:50:00 AM,,0.0,,,
5052,02/10/22 12:55:00 AM,,0.0,,,
5053,02/10/22 01:00:00 AM,8.879,0.0,,,
5054,02/10/22 01:05:00 AM,,0.0,,,
5055,02/10/22 01:10:00 AM,,0.0,,,
5056,02/10/22 01:15:00 AM,,0.0,,,
5057,02/10/22 01:20:00 AM,,0.0,,,
5058,02/10/22 01:25:00 AM,,0.0,,,
5059,02/10/22 01:30:00 AM,8.182,0.0,,,
5060,02/10/22 01:35:00 AM,,0.0,,,
5061,02/10/22 01:40:00 AM,,0.0,,,
5062,02/10/22 01:45:00 AM,,0.0,,,
5063,02/10/22 01:50:00 AM,,0.0,,,
5064,02/10/22 01:55:00 AM,,0.0,,,
5065,02/10/22 02:00:00 AM,7.280,0.0,,,
5066,02/10/22 02:05:00 AM,,0.0,,,
5067,02/10/22 02:10:00 AM,,0.0,,,
5068,02/10/22 02:15:00 AM,,0.0,,,
5069,02/10/22 02:20:00 AM,,0.0,,,
5070,02/10/22 02:25:00 AM,,0.0,,,
5071,02/10/22 02:30:00 AM,7.079,0.0,,,
5072,02/10/22 02:35:00 AM,,0.0,,,
5073,02/10/22 02:40:00 AM,,0.0,,,
5074,02/10/22 02:45:00 AM,,0.0,,,
5075,02/10/22 02:50:00 AM,,0.0,,,
5076,02/10/22 02:55:00 AM,,0.0,,,
5077,02/10/22 03:00:00 AM,7.481,0.0,,,
5078,02/10/22 03:05:00 AM,,0.0,,,
5079,02/10/22 03:10:00 AM,,0.0,,,
5080,02/10/22 03:15:00 AM,,0.0,,,
5081,02/10/22 03:20:00 AM,,0.0,,,
5082,02/10/22 03:25:00 AM,,0.0,,,
5083,02/10/22 03:30:00 AM,6.877,0.0,,,
5084,02/10/22 03:35:00 AM,,0.0,,,
5085,02/10/22 03:40:00 AM,,0.0,,,
5086,02/10/22 03:45:00 AM,,0.0,,,
5087,02/10/22 03:50:00 AM,,0.0,,,
5088,02/10/22 03:55:00 AM,,0.0,,,
5089,02/10/22 04:00:00 AM,7.882,0.0,,,
5090,02/10/22 04:05:00 AM,,0.0,,,
5091,02/10/22 04:10:00 AM,,0.0,,,
5092,02/10/22 04:15:00 AM,,0.0,,,
5093,02/10/22 04:20:00 AM,,0.0,,,
5094,02/10/22 04:25:00 AM,,0.0,,,
5095,02/10/22 04:30:00 AM,7.983,0.0,,,
5096,02/10/22 04:35:00 AM,,0.0,,,
5097,02/10/22 04:40:00 AM,,0.0,,,
5098,02/10/22 04:45:00 AM,,0.0,,,
5099,02/10/22 04:50:00 AM,,0.0,,,
5100,02/10/22 04:55:00 AM,,0.0,,,
5101,02/10/22 05:00:00 AM,8.680,0.0,,,
5102,02/10/22 05:05:00 AM,,0.0,,,
5103,02/10/22 05:10:00 AM,,0.0,,,
5104,02/10/22 05:15:00 AM,,0.0,,,
5105,02/10/22 05:20:00 AM,,0.0,,,
5106,02/10/22 05:25:00 AM,,0.0,,,
5107,02/10/22 05:30:00 AM,7.882,0.0,,,
5108,02/10/22 05:35:00 AM,,0.0,,,
5109,02/10/22 05:40:00 AM,,0.0,,,
5110,02/10/22 05:45:00 AM,,0.0,,,
5111,02/10/22 05:50:00 AM,,0.0,,,
5112,02/10/22 05:55:00 AM,,0.0,,,
5113,02/10/22 06:00:00 AM,7.882,0.0,,,
5114,02/10/22 06:05:00 AM,,0.0,,,
5115,02/10/22 06:10:00 AM,,0.0,,,
5116,02/10/22 06:15:00 AM,,0.0,,,
5117,02/10/22 06:20:00 AM,,0.0,,,
5118,02/10/22 06:25:00 AM,,0.0,,,
5119,02/10/22 06:30:00 AM,7.682,0.0,,,
5120,02/10/22 06:35:00 AM,,0.0,,,
5121,02/10/22 06:40:00 AM,,0.0,,,
5122,02/10/22 06:45:00 AM,,0.0,,,
5123,02/10/22 06:50:00 AM,,0.0,,,
5124,02/10/22 06:55:00 AM,,0.0,,,
5125,02/10/22 07:00:00 AM,7.882,0.0,,,
5126,02/10/22 07:05:00 AM,,0.0,,,
5127,02/10/22 07:10:00 AM,,0.0,,,
5128,02/10/22 07:15:00 AM,,0.0,,,
5129,02/10/22 07:20:00 AM,,0.0,,,
5130,02/10/22 07:25:00 AM,,0.0,,,
5131,02/10/22 07:30:00 AM,8.282,0.0,,,
5132,02/10/22 07:35:00 AM,,0.0,,,
5133,02/10/22 07:40:00 AM,,0.0,,,
5134,02/10/22 07:45:00 AM,,0.0,,,
5135,02/10/22 07:50:00 AM,,0.0,,,
5136,02/10/22 07:55:00 AM,,0.0,,,
5137,02/10/22 08:00:00 AM,8.779,0.0,,,
5138,02/10/22 08:05:00 AM,,0.0,,,
5139,02/10/22 08:10:00 AM,,0.0,,,
5140,02/10/22 08:15:00 AM,,0.0,,,
5141,02/10/22 08:20:00 AM,,0.0,,,
5142,02/10/22 08:25:00 AM,,0.0,,,
5143,02/10/22 08:30:00 AM,8.879,0.0,,,
5144,02/10/22 08:35:00 AM,,0.0,,,
5145,02/10/22 08:40:00 AM,,0.0,,,
5146,02/10/22 08:45:00 AM,,0.0,,,
5147,02/10/22 08:50:00 AM,,0.0,,,
5148,02/10/22 08:55:00 AM,,0.0,,,
5149,02/10/22 09:00:00 AM,8.978,0.0,,,
5150,02/10/22 09:05:00 AM,,0.0,,,
5151,02/10/22 09:10:00 AM,,0.0,,,
5152,02/10/22 09:15:00 AM,,0.0,,,
5153,02/10/22 09:20:00 AM,,0.0,,,
5154,02/10/22 09:25:00 AM,,0.0,,,
5155,02/10/22 09:30:00 AM,8.978,0.0,,,
5156,02/10/22 09:35:00 AM,,0.0,,,
5157,02/10/22 09:40:00 AM,,0.0,,,
5158,02/10/22 09:45:00 AM,,0.0,,,
5159,02/10/22 09:50:00 AM,,0.0,,,
5160,02/10/22 09:55:00 AM,,0.0,,,
5161,02/10/22 10:00:00 AM,8.182,0.0,,,
5162,02/10/22 10:05:00 AM,,0.0,,,
5163,02/10/22 10:10:00 AM,,0.0,,,
5164,02/10/22 10:15:00 AM,,0.0,,,
5165,02/10/22 10:20:00 AM,,0.0,,,
5166,02/10/22 10:25:00 AM,,0.0,,,
5167,02/10/22 10:30:00 AM,7.782,0.0,,,
5168,02/10/22 10:35:00 AM,,0.0,,,
5169,02/10/22 10:40:00 AM,,0.0,,,
5170,02/10/22 10:45:00 AM,,0.0,,,
5171,02/10/22 10:50:00 AM,,0.0,,,
5172,02/10/22 10:55:00 AM,,0.0,,,
5173,02/10/22 11:00:00 AM,7.582,0.0,,,
5174,02/10/22 11:05:00 AM,,0.0,,,
5175,02/10/22 11:10:00 AM,,0.0,,,
5176,02/10/22 11:15:00 AM,,0.0,,,
5177,02/10/22 11:20:00 AM,,0.0,,,
5178,02/10/22 11:25:00 AM,,0.0,,,
5179,02/10/22 11:30:00 AM,7.280,0.0,,,
5180,02/10/22 11:35:00 AM,,0.0,,,
5181,02/10/22 11:40:00 AM,,0.0,,,
5182,02/10/22 11:45:00 AM,,0.0,,,
5183,02/10/22 11:50:00 AM,,0.0,,,
5184,02/10/22 11:55:00 AM,,0.0,,,
5185,02/10/22 12:00:00 PM,7.179,0.0,,,
5186,02/10/22 12:05:00 PM,,0.0,,,
5187,02/10/22 12:10:00 PM,,0.0,,,
5188,02/10/22 12:15:00 PM,,0.0,,,
5189,02/10/22 12:20:00 PM,,0.0,,,
5190,02/10/22 12:25:00 PM,,0.0,,,
5191,02/10/22 12:30:00 PM,7.079,0.0,,,
5192,02/10/22 12:35:00 PM,,0.0,,,
5193,02/10/22 12:40:00 PM,,0.0,,,
5194,02/10/22 12:45:00 PM,,0.0,,,
5195,02/10/22 12:50:00 PM,,0.0,,,
5196,02/10/22 12:55:00 PM,,0.0,,,
5197,02/10/22 01:00:00 PM,6.775,0.0,,,
5198,02/10/22 01:05:00 PM,,0.0,,,
5199,02/10/22 01:10:00 PM,,0.0,,,
5200,02/10/22 01:15:00 PM,,0.0,,,
5201,02/10/22 01:20:00 PM,,0.0,,,
5202,02/10/22 01:25:00 PM,,0.0,,,
5203,02/10/22 01:30:00 PM,6.674,0.0,,,
5204,02/10/22 01:35:00 PM,,0.0,,,
5205,02/10/22 01:40:00 PM,,0.0,,,
5206,02/10/22 01:45:00 PM,,0.0,,,
5207,02/10/22 01:50:00 PM,,0.0,,,
5208,02/10/22 01:55:00 PM,,0.0,,,
5209,02/10/22 02:00:00 PM,6.573,0.0,,,
5210,02/10/22 02:05:00 PM,,0.0,,,
5211,02/10/22 02:10:00 PM,,0.0,,,
5212,02/10/22 02:15:00 PM,,0.0,,,
5213,02/10/22 02:20:00 PM,,0.0,,,
5214,02/10/22 02:25:00 PM,,0.0,,,
5215,02/10/22 02:30:00 PM,6.370,0.0,,,
5216,02/10/22 02:35:00 PM,,0.0,,,
5217,02/10/22 02:40:00 PM,,0.0,,,
5218,02/10/22 02:45:00 PM,,0.0,,,
5219,02/10/22 02:50:00 PM,,0.0,,,
5220,02/10/22 02:55:00 PM,,0.0,,,
5221,02/10/22 03:00:00 PM,6.268,0.0,,,
5222,02/10/22 03:05:00 PM,,0.0,,,
5223,02/10/22 03:10:00 PM,,0.0,,,
5224,02/10/22 03:15:00 PM,,0.0,,,
5225,02/10/22 03:20:00 PM,,0.0,,,
5226,02/10/22 03:25:00 PM,,0.0,,,
5227,02/10/22 03:30:00 PM,6.370,0.0,,,
5228,02/10/22 03:35:00 PM,,0.0,,,
5229,02/10/22 03:40:00 PM,,0.0,,,
5230,02/10/22 03:45:00 PM,,0.0,,,
5231,02/10/22 03:50:00 PM,,0.0,,,
5232,02/10/22 03:55:00 PM,,0.0,,,
5233,02/10/22 04:00:00 PM,6.370,0.0,,,
5234,02/10/22 04:05:00 PM,,0.0,,,
5235,02/10/22 04:10:00 PM,,0.0,,,
5236,02/10/22 04:15:00 PM,,0.0,,,
5237,02/10/22 04:20:00 PM,,0.0,,,
5238,02/10/22 04:25:00 PM,,0.0,,,
5239,02/10/22 04:30:00 PM,6.268,0.0,,,
5240,02/10/22 04:35:00 PM,,0.0,,,
5241,02/10/22 04:40:00 PM,,0.0,,,
5242,02/10/22 04:45:00 PM,,0.0,,,
5243,02/10/22 04:50:00 PM,,0.0,,,
5244,02/10/22 04:55:00 PM,,0.0,,,
5245,02/10/22 05:00:00 PM,6.370,0.0,,,
5246,02/10/22 05:05:00 PM,,0.0,,,
5247,02/10/22 05:10:00 PM,,0.0,,,
5248,02/10/22 05:15:00 PM,,0.0,,,
5249,02/10/22 05:20:00 PM,,0.0,,,
5250,02/10/22 05:25:00 PM,,0.0,,,
5251,02/10/22 05:30:00 PM,6.268,0.0,,,
5252,02/10/22 05:35:00 PM,,0.0,,,
5253,02/10/22 05:40:00 PM,,0.0,,,
5254,02/10/22 05:45:00 PM,,0.0,,,
5255,02/10/22 05:50:00 PM,,0.0,,,
5256,02/10/22 05:55:00 PM,,0.0,,,
5257,02/10/22 06:00:00 PM,6.268,0.0,,,
5258,02/10/22 06:05:00 PM,,0.0,,,
5259,02/10/22 06:10:00 PM,,0.0,,,
5260,02/10/22 06:15:00 PM,,0.0,,,
5261,02/10/22 06:20:00 PM,,0.0,,,
5262,02/10/22 06:25:00 PM,,0.0,,,
5263,02/10/22 06:30:00 PM,6.064,0.0,,,
5264,02/10/22 06:35:00 PM,,0.0,,,
5265,02/10/22 06:40:00 PM,,0.0,,,
5266,02/10/22 06:45:00 PM,,0.0,,,
5267,02/10/22 06:50:00 PM,,0.0,,,
5268,02/10/22 06:55:00 PM,,0.0,,,
5269,02/10/22 07:00:00 PM,6.370,0.0,,,
5270,02/10/22 07:05:00 PM,,0.0,,,
5271,02/10/22 07:10:00 PM,,0.0,,,
5272,02/10/22 07:15:00 PM,,0.0,,,
5273,02/10/22 07:20:00 PM,,0.0,,,
5274,02/10/22 07:25:00 PM,,0.0,,,
5275,02/10/22 07:30:00 PM,6.268,0.0,,,
5276,02/10/22 07:35:00 PM,,0.0,,,
5277,02/10/22 07:40:00 PM,,0.0,,,
5278,02/10/22 07:45:00 PM,,0.0,,,
5279,02/10/22 07:50:00 PM,,0.0,,,
5280,02/10/22 07:55:00 PM,,0.0,,,
5281,02/10/22 08:00:00 PM,6.573,0.0,,,
5282,02/10/22 08:05:00 PM,,0.0,,,
5283,02/10/22 08:10:00 PM,,0.0,,,
5284,02/10/22 08:15:00 PM,,0.0,,,
5285,02/10/22 08:20:00 PM,,0.0,,,
5286,02/10/22 08:25:00 PM,,0.0,,,
5287,02/10/22 08:30:00 PM,6.674,0.0,,,
5288,02/10/22 08:35:00 PM,,0.0,,,
5289,02/10/22 08:40:00 PM,,0.0,,,
5290,02/10/22 08:45:00 PM,,0.0,,,
5291,02/10/22 08:50:00 PM,,0.0,,,
5292,02/10/22 08:55:00 PM,,0.0,,,
5293,02/10/22 09:00:00 PM,6.674,0.0,,,
5294,02/10/22 09:05:00 PM,,0.0,,,
5295,02/10/22 09:10:00 PM,,0.0,,,
5296,02/10/22 09:15:00 PM,,0.0,,,
5297,02/10/22 09:20:00 PM,,0.0,,,
5298,02/10/22 09:25:00 PM,,0.0,,,
5299,02/10/22 09:30:00 PM,6.775,0.0,,,
5300,02/10/22 09:35:00 PM,,0.0,,,
5301,02/10/22 09:40:00 PM,,0.0,,,
5302,02/10/22 09:45:00 PM,,0.0,,,
5303,02/10/22 09:50:00 PM,,0.0,,,
5304,02/10/22 09:55:00 PM,,0.0,,,
5305,02/10/22 10:00:00 PM,6.978,0.0,,,
5306,02/10/22 10:05:00 PM,,0.0,,,
5307,02/10/22 10:10:00 PM,,0.0,,,
5308,02/10/22 10:15:00 PM,,0.0,,,
5309,02/10/22 10:20:00 PM,,0.0,,,
5310,02/10/22 10:25:00 PM,,0.0,,,
5311,02/10/22 10:30:00 PM,6.775,0.0,,,
5312,02/10/22 10:35:00 PM,,0.0,,,
5313,02/10/22 10:40:00 PM,,0.0,,,
5314,02/10/22 10:45:00 PM,,0.0,,,
5315,02/10/22 10:50:00 PM,,0.0,,,
5316,02/10/22 10:55:00 PM,,0.0,,,
5317,02/10/22 11:00:00 PM,6.877,0.0,,,
5318,02/10/22 11:05:00 PM,,0.0,,,
5319,02/10/22 11:10:00 PM,,0.0,,,
5320,02/10/22 11:15:00 PM,,0.0,,,
5321,02/10/22 11:20:00 PM,,0.0,,,
5322,02/10/22 11:25:00 PM,,0.0,,,
5323,02/10/22 11:30:00 PM,6.674,0.0,,,
5324,02/10/22 11:35:00 PM,,0.0,,,
5325,02/10/22 11:40:00 PM,,0.0,,,
5326,02/10/22 11:45:00 PM,,0.0,,,
5327,02/10/22 11:50:00 PM,,0.0,,,
5328,02/10/22 11:55:00 PM,,0.0,,,
5329,02/11/22 12:00:00 AM,6.166,0.0,,,
5330,02/11/22 12:05:00 AM,,0.0,,,
5331,02/11/22 12:10:00 AM,,0.0,,,
5332,02/11/22 12:15:00 AM,,0.0,,,
5333,02/11/22 12:20:00 AM,,0.0,,,
5334,02/11/22 12:25:00 AM,,0.0,,,
5335,02/11/22 12:30:00 AM,5.552,0.0,,,
5336,02/11/22 12:35:00 AM,,0.0,,,
5337,02/11/22 12:40:00 AM,,0.0,,,
5338,02/11/22 12:45:00 AM,,0.0,,,
5339,02/11/22 12:50:00 AM,,0.0,,,
5340,02/11/22 12:55:00 AM,,0.0,,,
5341,02/11/22 01:00:00 AM,5.450,0.0,,,
5342,02/11/22 01:05:00 AM,,0.0,,,
5343,02/11/22 01:10:00 AM,,0.0,,,
5344,02/11/22 01:15:00 AM,,0.0,,,
5345,02/11/22 01:20:00 AM,,0.0,,,
5346,02/11/22 01:25:00 AM,,0.0,,,
5347,02/11/22 01:30:00 AM,5.244,0.0,,,
5348,02/11/22 01:35:00 AM,,0.0,,,
5349,02/11/22 01:40:00 AM,,0.0,,,
5350,02/11/22 01:45:00 AM,,0.0,,,
5351,02/11/22 01:50:00 AM,,0.0,,,
5352,02/11/22 01:55:00 AM,,0.0,,,
5353,02/11/22 02:00:00 AM,5.141,0.2,,,
5354,02/11/22 02:05:00 AM,,0.2,,,
5355,02/11/22 02:10:00 AM,,0.0,,,
5356,02/11/22 02:15:00 AM,,0.2,,,
5357,02/11/22 02:20:00 AM,,0.2,,,
5358,02/11/22 02:25:00 AM,,0.4,,,
5359,02/11/22 02:30:00 AM,4.415,0.0,,,
5360,02/11/22 02:35:00 AM,,0.4,,,
5361,02/11/22 02:40:00 AM,,0.2,,,
5362,02/11/22 02:45:00 AM,,0.2,,,
5363,02/11/22 02:50:00 AM,,0.0,,,
5364,02/11/22 02:55:00 AM,,0.2,,,
5365,02/11/22 03:00:00 AM,3.998,0.2,,,
5366,02/11/22 03:05:00 AM,,0.2,,,
5367,02/11/22 03:10:00 AM,,0.2,,,
5368,02/11/22 03:15:00 AM,,0.0,,,
5369,02/11/22 03:20:00 AM,,0.2,,,
5370,02/11/22 03:25:00 AM,,0.2,,,
5371,02/11/22 03:30:00 AM,3.578,0.2,,,
5372,02/11/22 03:35:00 AM,,0.0,,,
5373,02/11/22 03:40:00 AM,,0.2,,,
5374,02/11/22 03:45:00 AM,,0.0,,,
5375,02/11/22 03:50:00 AM,,0.2,,,
5376,02/11/22 03:55:00 AM,,0.0,,,
5377,02/11/22 04:00:00 AM,3.155,0.2,,,
5378,02/11/22 04:05:00 AM,,0.0,,,
5379,02/11/22 04:10:00 AM,,0.0,,,
5380,02/11/22 04:15:00 AM,,0.0,,,
5381,02/11/22 04:20:00 AM,,0.0,,,
5382,02/11/22 04:25:00 AM,,0.0,,,
5383,02/11/22 04:30:00 AM,2.837,0.0,,,
5384,02/11/22 04:35:00 AM,,0.0,,,
5385,02/11/22 04:40:00 AM,,0.0,,,
5386,02/11/22 04:45:00 AM,,0.0,,,
5387,02/11/22 04:50:00 AM,,0.0,,,
5388,02/11/22 04:55:00 AM,,0.0,,,
5389,02/11/22 05:00:00 AM,2.410,0.0,,,
5390,02/11/22 05:05:00 AM,,0.0,,,
5391,02/11/22 05:10:00 AM,,0.0,,,
5392,02/11/22 05:15:00 AM,,0.0,,,
5393,02/11/22 05:20:00 AM,,0.0,,,
5394,02/11/22 05:25:00 AM,,0.0,,,
5395,02/11/22 05:30:00 AM,2.303,0.0,,,
5396,02/11/22 05:35:00 AM,,0.0,,,
5397,02/11/22 05:40:00 AM,,0.0,,,
5398,02/11/22 05:45:00 AM,,0.0,,,
5399,02/11/22 05:50:00 AM,,0.0,,,
5400,02/11/22 05:55:00 AM,,0.0,,,
5401,02/11/22 06:00:00 AM,1.980,0.0,,,
5402,02/11/22 06:05:00 AM,,0.0,,,
5403,02/11/22 06:10:00 AM,,0.0,,,
5404,02/11/22 06:15:00 AM,,0.0,,,
5405,02/11/22 06:20:00 AM,,0.0,,,
5406,02/11/22 06:25:00 AM,,0.0,,,
5407,02/11/22 06:30:00 AM,1.548,0.0,,,
5408,02/11/22 06:35:00 AM,,0.0,,,
5409,02/11/22 06:40:00 AM,,0.0,,,
5410,02/11/22 06:45:00 AM,,0.0,,,
5411,02/11/22 06:50:00 AM,,0.0,,,
5412,02/11/22 06:55:00 AM,,0.0,,,
5413,02/11/22 07:00:00 AM,1.330,0.0,,,
5414,02/11/22 07:05:00 AM,,0.0,,,
5415,02/11/22 07:10:00 AM,,0.0,,,
5416,02/11/22 07:15:00 AM,,0.0,,,
5417,02/11/22 07:20:00 AM,,0.0,,,
5418,02/11/22 07:25:00 AM,,0.0,,,
5419,02/11/22 07:30:00 AM,1.330,0.0,,,
5420,02/11/22 07:35:00 AM,,0.0,,,
5421,02/11/22 07:40:00 AM,,0.0,,,
5422,02/11/22 07:45:00 AM,,0.0,,,
5423,02/11/22 07:50:00 AM,,0.0,,,
5424,02/11/22 07:55:00 AM,,0.0,,,
5425,02/11/22 08:00:00 AM,1.439,0.0,,,
5426,02/11/22 08:05:00 AM,,0.0,,,
5427,02/11/22 08:10:00 AM,,0.0,,,
5428,02/11/22 08:15:00 AM,,0.0,,,
5429,02/11/22 08:20:00 AM,,0.0,,,
5430,02/11/22 08:25:00 AM,,0.0,,,
5431,02/11/22 08:30:00 AM,1.548,0.0,,,
5432,02/11/22 08:35:00 AM,,0.0,,,
5433,02/11/22 08:40:00 AM,,0.0,,,
5434,02/11/22 08:45:00 AM,,0.0,,,
5435,02/11/22 08:50:00 AM,,0.0,,,
5436,02/11/22 08:55:00 AM,,0.0,,,
5437,02/11/22 09:00:00 AM,1.548,0.0,,,
5438,02/11/22 09:05:00 AM,,0.0,,,
5439,02/11/22 09:10:00 AM,,0.0,,,
5440,02/11/22 09:15:00 AM,,0.0,,,
5441,02/11/22 09:20:00 AM,,0.0,,,
5442,02/11/22 09:25:00 AM,,0.0,,,
5443,02/11/22 09:30:00 AM,1.980,0.0,,,
5444,02/11/22 09:35:00 AM,,0.0,,,
5445,02/11/22 09:40:00 AM,,0.0,,,
5446,02/11/22 09:45:00 AM,,0.0,,,
5447,02/11/22 09:50:00 AM,,0.0,,,
5448,02/11/22 09:55:00 AM,,0.0,,,
5449,02/11/22 10:00:00 AM,2.410,0.0,,,
5450,02/11/22 10:05:00 AM,,0.0,,,
5451,02/11/22 10:10:00 AM,,0.0,,,
5452,02/11/22 10:15:00 AM,,0.0,,,
5453,02/11/22 10:20:00 AM,,0.0,,,
5454,02/11/22 10:25:00 AM,,0.0,,,
5455,02/11/22 10:30:00 AM,2.410,0.0,,,
5456,02/11/22 10:35:00 AM,,0.0,,,
5457,02/11/22 10:40:00 AM,,0.0,,,
5458,02/11/22 10:45:00 AM,,0.0,,,
5459,02/11/22 10:50:00 AM,,0.0,,,
5460,02/11/22 10:55:00 AM,,0.0,,,
5461,02/11/22 11:00:00 AM,2.195,0.0,,,
5462,02/11/22 11:05:00 AM,,0.0,,,
5463,02/11/22 11:10:00 AM,,0.0,,,
5464,02/11/22 11:15:00 AM,,0.0,,,
5465,02/11/22 11:20:00 AM,,0.0,,,
5466,02/11/22 11:25:00 AM,,0.0,,,
5467,02/11/22 11:30:00 AM,2.517,0.0,,,
5468,02/11/22 11:35:00 AM,,0.0,,,
5469,02/11/22 11:40:00 AM,,0.0,,,
5470,02/11/22 11:45:00 AM,,0.0,,,
5471,02/11/22 11:50:00 AM,,0.0,,,
5472,02/11/22 11:55:00 AM,,0.0,,,
5473,02/11/22 12:00:00 PM,2.837,0.0,,,
5474,02/11/22 12:05:00 PM,,0.0,,,
5475,02/11/22 12:10:00 PM,,0.0,,,
5476,02/11/22 12:15:00 PM,,0.0,,,
5477,02/11/22 12:20:00 PM,,0.0,,,
5478,02/11/22 12:25:00 PM,,0.0,,,
5479,02/11/22 12:30:00 PM,2.837,0.0,,,
5480,02/11/22 12:35:00 PM,,0.0,,,
5481,02/11/22 12:40:00 PM,,0.0,,,
5482,02/11/22 12:45:00 PM,,0.0,,,
5483,02/11/22 12:50:00 PM,,0.0,,,
5484,02/11/22 12:55:00 PM,,0.0,,,
5485,02/11/22 01:00:00 PM,3.155,0.0,,,
5486,02/11/22 01:05:00 PM,,0.0,,,
5487,02/11/22 01:10:00 PM,,0.0,,,
5488,02/11/22 01:15:00 PM,,0.0,,,
5489,02/11/22 01:20:00 PM,,0.0,,,
5490,02/11/22 01:25:00 PM,,0.0,,,
5491,02/11/22 01:30:00 PM,3.578,0.0,,,
5492,02/11/22 01:35:00 PM,,0.0,,,
5493,02/11/22 01:40:00 PM,,0.0,,,
5494,02/11/22 01:45:00 PM,,0.0,,,
5495,02/11/22 01:50:00 PM,,0.0,,,
5496,02/11/22 01:55:00 PM,,0.0,,,
5497,02/11/22 02:00:00 PM,4.311,0.0,,,
5498,02/11/22 02:05:00 PM,,0.0,,,
5499,02/11/22 02:10:00 PM,,0.0,,,
5500,02/11/22 02:15:00 PM,,0.0,,,
5501,02/11/22 02:20:00 PM,,0.0,,,
5502,02/11/22 02:25:00 PM,,0.0,,,
5503,02/11/22 02:30:00 PM,4.102,0.0,,,
5504,02/11/22 02:35:00 PM,,0.0,,,
5505,02/11/22 02:40:00 PM,,0.0,,,
5506,02/11/22 02:45:00 PM,,0.0,,,
5507,02/11/22 02:50:00 PM,,0.0,,,
5508,02/11/22 02:55:00 PM,,0.0,,,
5509,02/11/22 03:00:00 PM,4.311,0.0,,,
5510,02/11/22 03:05:00 PM,,0.0,,,
5511,02/11/22 03:10:00 PM,,0.0,,,
5512,02/11/22 03:15:00 PM,,0.0,,,
5513,02/11/22 03:20:00 PM,,0.0,,,
5514,02/11/22 03:25:00 PM,,0.0,,,
5515,02/11/22 03:30:00 PM,6.370,0.0,,,
5516,02/11/22 03:35:00 PM,,0.0,,,
5517,02/11/22 03:40:00 PM,,0.0,,,
5518,02/11/22 03:45:00 PM,,0.0,,,
5519,02/11/22 03:50:00 PM,,0.0,,,
5520,02/11/22 03:55:00 PM,,0.0,,,
5521,02/11/22 04:00:00 PM,7.079,0.0,,,
5522,02/11/22 04:05:00 PM,,0.0,,,
5523,02/11/22 04:10:00 PM,,0.0,,,
5524,02/11/22 04:15:00 PM,,0.0,,,
5525,02/11/22 04:20:00 PM,,0.0,,,
5526,02/11/22 04:25:00 PM,,0.0,,,
5527,02/11/22 04:30:00 PM,4.727,0.0,,,
5528,02/11/22 04:35:00 PM,,0.0,,,
5529,02/11/22 04:40:00 PM,,0.0,,,
5530,02/11/22 04:45:00 PM,,0.0,,,
5531,02/11/22 04:50:00 PM,,0.0,,,
5532,02/11/22 04:55:00 PM,,0.0,,,
5533,02/11/22 05:00:00 PM,2.730,0.0,,,
5534,02/11/22 05:05:00 PM,,0.0,,,
5535,02/11/22 05:10:00 PM,,0.0,,,
5536,02/11/22 05:15:00 PM,,0.0,,,
5537,02/11/22 05:20:00 PM,,0.0,,,
5538,02/11/22 05:25:00 PM,,0.0,,,
5539,02/11/22 05:30:00 PM,1.439,0.0,,,
5540,02/11/22 05:35:00 PM,,0.0,,,
5541,02/11/22 05:40:00 PM,,0.0,,,
5542,02/11/22 05:45:00 PM,,0.0,,,
5543,02/11/22 05:50:00 PM,,0.0,,,
5544,02/11/22 05:55:00 PM,,0.0,,,
5545,02/11/22 06:00:00 PM,0.893,0.0,,,
5546,02/11/22 06:05:00 PM,,0.0,,,
5547,02/11/22 06:10:00 PM,,0.0,,,
5548,02/11/22 06:15:00 PM,,0.0,,,
5549,02/11/22 06:20:00 PM,,0.0,,,
5550,02/11/22 06:25:00 PM,,0.0,,,
5551,02/11/22 06:30:00 PM,1.003,0.0,,,
5552,02/11/22 06:35:00 PM,,0.0,,,
5553,02/11/22 06:40:00 PM,,0.0,,,
5554,02/11/22 06:45:00 PM,,0.0,,,
5555,02/11/22 06:50:00 PM,,0.0,,,
5556,02/11/22 06:55:00 PM,,0.0,,,
5557,02/11/22 07:00:00 PM,1.221,0.0,,,
5558,02/11/22 07:05:00 PM,,0.0,,,
5559,02/11/22 07:10:00 PM,,0.0,,,
5560,02/11/22 07:15:00 PM,,0.0,,,
5561,02/11/22 07:20:00 PM,,0.0,,,
5562,02/11/22 07:25:00 PM,,0.0,,,
5563,02/11/22 07:30:00 PM,1.439,0.0,,,
5564,02/11/22 07:35:00 PM,,0.0,,,
5565,02/11/22 07:40:00 PM,,0.0,,,
5566,02/11/22 07:45:00 PM,,0.0,,,
5567,02/11/22 07:50:00 PM,,0.0,,,
5568,02/11/22 07:55:00 PM,,0.0,,,
5569,02/11/22 08:00:00 PM,1.548,0.0,,,
5570,02/11/22 08:05:00 PM,,0.0,,,
5571,02/11/22 08:10:00 PM,,0.0,,,
5572,02/11/22 08:15:00 PM,,0.0,,,
5573,02/11/22 08:20:00 PM,,0.0,,,
5574,02/11/22 08:25:00 PM,,0.0,,,
5575,02/11/22 08:30:00 PM,1.764,0.0,,,
5576,02/11/22 08:35:00 PM,,0.0,,,
5577,02/11/22 08:40:00 PM,,0.0,,,
5578,02/11/22 08:45:00 PM,,0.0,,,
5579,02/11/22 08:50:00 PM,,0.0,,,
5580,02/11/22 08:55:00 PM,,0.0,,,
5581,02/11/22 09:00:00 PM,1.980,0.0,,,
5582,02/11/22 09:05:00 PM,,0.0,,,
5583,02/11/22 09:10:00 PM,,0.0,,,
5584,02/11/22 09:15:00 PM,,0.0,,,
5585,02/11/22 09:20:00 PM,,0.0,,,
5586,02/11/22 09:25:00 PM,,0.0,,,
5587,02/11/22 09:30:00 PM,1.764,0.0,,,
5588,02/11/22 09:35:00 PM,,0.0,,,
5589,02/11/22 09:40:00 PM,,0.0,,,
5590,02/11/22 09:45:00 PM,,0.0,,,
5591,02/11/22 09:50:00 PM,,0.0,,,
5592,02/11/22 09:55:00 PM,,0.0,,,
5593,02/11/22 10:00:00 PM,1.003,0.0,,,
5594,02/11/22 10:05:00 PM,,0.0,,,
5595,02/11/22 10:10:00 PM,,0.0,,,
5596,02/11/22 10:15:00 PM,,0.0,,,
5597,02/11/22 10:20:00 PM,,0.0,,,
5598,02/11/22 10:25:00 PM,,0.0,,,
5599,02/11/22 10:30:00 PM,0.674,0.0,,,
5600,02/11/22 10:35:00 PM,,0.0,,,
5601,02/11/22 10:40:00 PM,,0.0,,,
5602,02/11/22 10:45:00 PM,,0.0,,,
5603,02/11/22 10:50:00 PM,,0.0,,,
5604,02/11/22 10:55:00 PM,,0.0,,,
5605,02/11/22 11:00:00 PM,0.453,0.0,,,
5606,02/11/22 11:05:00 PM,,0.0,,,
5607,02/11/22 11:10:00 PM,,0.0,,,
5608,02/11/22 11:15:00 PM,,0.0,,,
5609,02/11/22 11:20:00 PM,,0.0,,,
5610,02/11/22 11:25:00 PM,,0.0,,,
5611,02/11/22 11:30:00 PM,0.232,0.0,,,
5612,02/11/22 11:35:00 PM,,0.0,,,
5613,02/11/22 11:40:00 PM,,0.0,,,
5614,02/11/22 11:45:00 PM,,0.0,,,
5615,02/11/22 11:50:00 PM,,0.0,,,
5616,02/11/22 11:55:00 PM,,0.0,,,
5617,02/12/22 12:00:00 AM,0.010,0.0,,,
5618,02/12/22 12:05:00 AM,,0.0,,,
5619,02/12/22 12:10:00 AM,,0.0,,,
5620,02/12/22 12:15:00 AM,,0.0,,,
5621,02/12/22 12:20:00 AM,,0.0,,,
5622,02/12/22 12:25:00 AM,,0.0,,,
5623,02/12/22 12:30:00 AM,-0.213,0.0,,,
5624,02/12/22 12:35:00 AM,,0.0,,,
5625,02/12/22 12:40:00 AM,,0.0,,,
5626,02/12/22 12:45:00 AM,,0.0,,,
5627,02/12/22 12:50:00 AM,,0.0,,,
5628,02/12/22 12:55:00 AM,,0.0,,,
5629,02/12/22 01:00:00 AM,-0.549,0.0,,,
5630,02/12/22 01:05:00 AM,,0.0,,,
5631,02/12/22 01:10:00 AM,,0.0,,,
5632,02/12/22 01:15:00 AM,,0.0,,,
5633,02/12/22 01:20:00 AM,,0.0,,,
5634,02/12/22 01:25:00 AM,,0.0,,,
5635,02/12/22 01:30:00 AM,-0.662,0.0,,,
5636,02/12/22 01:35:00 AM,,0.0,,,
5637,02/12/22 01:40:00 AM,,0.0,,,
5638,02/12/22 01:45:00 AM,,0.0,,,
5639,02/12/22 01:50:00 AM,,0.0,,,
5640,02/12/22 01:55:00 AM,,0.0,,,
5641,02/12/22 02:00:00 AM,-0.437,0.0,,,
5642,02/12/22 02:05:00 AM,,0.0,,,
5643,02/12/22 02:10:00 AM,,0.0,,,
5644,02/12/22 02:15:00 AM,,0.0,,,
5645,02/12/22 02:20:00 AM,,0.0,,,
5646,02/12/22 02:25:00 AM,,0.0,,,
5647,02/12/22 02:30:00 AM,0.453,0.0,,,
5648,02/12/22 02:35:00 AM,,0.0,,,
5649,02/12/22 02:40:00 AM,,0.0,,,
5650,02/12/22 02:45:00 AM,,0.0,,,
5651,02/12/22 02:50:00 AM,,0.0,,,
5652,02/12/22 02:55:00 AM,,0.0,,,
5653,02/12/22 03:00:00 AM,0.563,0.0,,,
5654,02/12/22 03:05:00 AM,,0.0,,,
5655,02/12/22 03:10:00 AM,,0.0,,,
5656,02/12/22 03:15:00 AM,,0.0,,,
5657,02/12/22 03:20:00 AM,,0.0,,,
5658,02/12/22 03:25:00 AM,,0.0,,,
5659,02/12/22 03:30:00 AM,0.563,0.0,,,
5660,02/12/22 03:35:00 AM,,0.0,,,
5661,02/12/22 03:40:00 AM,,0.0,,,
5662,02/12/22 03:45:00 AM,,0.0,,,
5663,02/12/22 03:50:00 AM,,0.0,,,
5664,02/12/22 03:55:00 AM,,0.0,,,
5665,02/12/22 04:00:00 AM,0.453,0.0,,,
5666,02/12/22 04:05:00 AM,,0.0,,,
5667,02/12/22 04:10:00 AM,,0.0,,,
5668,02/12/22 04:15:00 AM,,0.0,,,
5669,02/12/22 04:20:00 AM,,0.0,,,
5670,02/12/22 04:25:00 AM,,0.0,,,
5671,02/12/22 04:30:00 AM,0.121,0.0,,,
5672,02/12/22 04:35:00 AM,,0.0,,,
5673,02/12/22 04:40:00 AM,,0.0,,,
5674,02/12/22 04:45:00 AM,,0.0,,,
5675,02/12/22 04:50:00 AM,,0.0,,,
5676,02/12/22 04:55:00 AM,,0.0,,,
5677,02/12/22 05:00:00 AM,0.453,0.0,,,
5678,02/12/22 05:05:00 AM,,0.0,,,
5679,02/12/22 05:10:00 AM,,0.0,,,
5680,02/12/22 05:15:00 AM,,0.0,,,
5681,02/12/22 05:20:00 AM,,0.0,,,
5682,02/12/22 05:25:00 AM,,0.0,,,
5683,02/12/22 05:30:00 AM,0.563,0.0,,,
5684,02/12/22 05:35:00 AM,,0.0,,,
5685,02/12/22 05:40:00 AM,,0.0,,,
5686,02/12/22 05:45:00 AM,,0.0,,,
5687,02/12/22 05:50:00 AM,,0.0,,,
5688,02/12/22 05:55:00 AM,,0.0,,,
5689,02/12/22 06:00:00 AM,0.563,0.0,,,
5690,02/12/22 06:05:00 AM,,0.0,,,
5691,02/12/22 06:10:00 AM,,0.0,,,
5692,02/12/22 06:15:00 AM,,0.0,,,
5693,02/12/22 06:20:00 AM,,0.0,,,
5694,02/12/22 06:25:00 AM,,0.0,,,
5695,02/12/22 06:30:00 AM,-0.102,0.0,,,
5696,02/12/22 06:35:00 AM,,0.0,,,
5697,02/12/22 06:40:00 AM,,0.0,,,
5698,02/12/22 06:45:00 AM,,0.0,,,
5699,02/12/22 06:50:00 AM,,0.0,,,
5700,02/12/22 06:55:00 AM,,0.0,,,
5701,02/12/22 07:00:00 AM,0.121,0.0,,,
5702,02/12/22 07:05:00 AM,,0.0,,,
5703,02/12/22 07:10:00 AM,,0.0,,,
5704,02/12/22 07:15:00 AM,,0.0,,,
5705,02/12/22 07:20:00 AM,,0.0,,,
5706,02/12/22 07:25:00 AM,,0.0,,,
5707,02/12/22 07:30:00 AM,0.343,0.0,,,
5708,02/12/22 07:35:00 AM,,0.0,,,
5709,02/12/22 07:40:00 AM,,0.0,,,
5710,02/12/22 07:45:00 AM,,0.0,,,
5711,02/12/22 07:50:00 AM,,0.0,,,
5712,02/12/22 07:55:00 AM,,0.0,,,
5713,02/12/22 08:00:00 AM,0.784,0.0,,,
5714,02/12/22 08:05:00 AM,,0.0,,,
5715,02/12/22 08:10:00 AM,,0.0,,,
5716,02/12/22 08:15:00 AM,,0.0,,,
5717,02/12/22 08:20:00 AM,,0.0,,,
5718,02/12/22 08:25:00 AM,,0.0,,,
5719,02/12/22 08:30:00 AM,0.563,0.0,,,
5720,02/12/22 08:35:00 AM,,0.0,,,
5721,02/12/22 08:40:00 AM,,0.0,,,
5722,02/12/22 08:45:00 AM,,0.0,,,
5723,02/12/22 08:50:00 AM,,0.0,,,
5724,02/12/22 08:55:00 AM,,0.0,,,
5725,02/12/22 09:00:00 AM,0.453,0.0,,,
5726,02/12/22 09:05:00 AM,,0.0,,,
5727,02/12/22 09:10:00 AM,,0.0,,,
5728,02/12/22 09:15:00 AM,,0.0,,,
5729,02/12/22 09:20:00 AM,,0.0,,,
5730,02/12/22 09:25:00 AM,,0.0,,,
5731,02/12/22 09:30:00 AM,1.003,0.0,,,
5732,02/12/22 09:35:00 AM,,0.0,,,
5733,02/12/22 09:40:00 AM,,0.0,,,
5734,02/12/22 09:45:00 AM,,0.0,,,
5735,02/12/22 09:50:00 AM,,0.0,,,
5736,02/12/22 09:55:00 AM,,0.0,,,
5737,02/12/22 10:00:00 AM,2.088,0.0,,,
5738,02/12/22 10:05:00 AM,,0.0,,,
5739,02/12/22 10:10:00 AM,,0.0,,,
5740,02/12/22 10:15:00 AM,,0.0,,,
5741,02/12/22 10:20:00 AM,,0.0,,,
5742,02/12/22 10:25:00 AM,,0.0,,,
5743,02/12/22 10:30:00 AM,3.155,0.0,,,
5744,02/12/22 10:35:00 AM,,0.0,,,
5745,02/12/22 10:40:00 AM,,0.0,,,
5746,02/12/22 10:45:00 AM,,0.0,,,
5747,02/12/22 10:50:00 AM,,0.0,,,
5748,02/12/22 10:55:00 AM,,0.0,,,
5749,02/12/22 11:00:00 AM,2.837,0.0,,,
5750,02/12/22 11:05:00 AM,,0.0,,,
5751,02/12/22 11:10:00 AM,,0.0,,,
5752,02/12/22 11:15:00 AM,,0.0,,,
5753,02/12/22 11:20:00 AM,,0.0,,,
5754,02/12/22 11:25:00 AM,,0.0,,,
5755,02/12/22 11:30:00 AM,3.367,0.0,,,
5756,02/12/22 11:35:00 AM,,0.0,,,
5757,02/12/22 11:40:00 AM,,0.0,,,
5758,02/12/22 11:45:00 AM,,0.0,,,
5759,02/12/22 11:50:00 AM,,0.0,,,
5760,02/12/22 11:55:00 AM,,0.0,,,
5761,02/12/22 12:00:00 PM,3.472,0.0,,,
5762,02/12/22 12:05:00 PM,,0.0,,,
5763,02/12/22 12:10:00 PM,,0.0,,,
5764,02/12/22 12:15:00 PM,,0.0,,,
5765,02/12/22 12:20:00 PM,,0.0,,,
5766,02/12/22 12:25:00 PM,,0.2,,,
5767,02/12/22 12:30:00 PM,4.415,0.0,,,
5768,02/12/22 12:35:00 PM,,0.0,,,
5769,02/12/22 12:40:00 PM,,0.0,,,
5770,02/12/22 12:45:00 PM,,0.0,,,
5771,02/12/22 12:50:00 PM,,0.0,,,
5772,02/12/22 12:55:00 PM,,0.0,,,
5773,02/12/22 01:00:00 PM,4.934,0.0,,,
5774,02/12/22 01:05:00 PM,,0.0,,,
5775,02/12/22 01:10:00 PM,,0.0,,,
5776,02/12/22 01:15:00 PM,,0.0,,,
5777,02/12/22 01:20:00 PM,,0.0,,,
5778,02/12/22 01:25:00 PM,,0.0,,,
5779,02/12/22 01:30:00 PM,5.347,0.0,,,
5780,02/12/22 01:35:00 PM,,0.0,,,
5781,02/12/22 01:40:00 PM,,0.0,,,
5782,02/12/22 01:45:00 PM,,0.0,,,
5783,02/12/22 01:50:00 PM,,0.0,,,
5784,02/12/22 01:55:00 PM,,0.0,,,
5785,02/12/22 02:00:00 PM,6.064,0.0,,,
5786,02/12/22 02:05:00 PM,,0.0,,,
5787,02/12/22 02:10:00 PM,,0.0,,,
5788,02/12/22 02:15:00 PM,,0.0,,,
5789,02/12/22 02:20:00 PM,,0.0,,,
5790,02/12/22 02:25:00 PM,,0.0,,,
5791,02/12/22 02:30:00 PM,6.471,0.0,,,
5792,02/12/22 02:35:00 PM,,0.0,,,
5793,02/12/22 02:40:00 PM,,0.0,,,
5794,02/12/22 02:45:00 PM,,0.0,,,
5795,02/12/22 02:50:00 PM,,0.0,,,
5796,02/12/22 02:55:00 PM,,0.0,,,
5797,02/12/22 03:00:00 PM,7.782,0.0,,,
5798,02/12/22 03:05:00 PM,,0.0,,,
5799,02/12/22 03:10:00 PM,,0.0,,,
5800,02/12/22 03:15:00 PM,,0.0,,,
5801,02/12/22 03:20:00 PM,,0.0,,,
5802,02/12/22 03:25:00 PM,,0.0,,,
5803,02/12/22 03:30:00 PM,6.674,0.0,,,
5804,02/12/22 03:35:00 PM,,0.0,,,
5805,02/12/22 03:40:00 PM,,0.0,,,
5806,02/12/22 03:45:00 PM,,0.0,,,
5807,02/12/22 03:50:00 PM,,0.0,,,
5808,02/12/22 03:55:00 PM,,0.0,,,
5809,02/12/22 04:00:00 PM,4.831,0.0,,,
5810,02/12/22 04:05:00 PM,,0.0,,,
5811,02/12/22 04:10:00 PM,,0.0,,,
5812,02/12/22 04:15:00 PM,,0.0,,,
5813,02/12/22 04:20:00 PM,,0.0,,,
5814,02/12/22 04:25:00 PM,,0.0,,,
5815,02/12/22 04:30:00 PM,3.472,0.0,,,
5816,02/12/22 04:35:00 PM,,0.0,,,
5817,02/12/22 04:40:00 PM,,0.0,,,
5818,02/12/22 04:45:00 PM,,0.0,,,
5819,02/12/22 04:50:00 PM,,0.0,,,
5820,02/12/22 04:55:00 PM,,0.0,,,
5821,02/12/22 05:00:00 PM,2.088,0.0,,,
5822,02/12/22 05:05:00 PM,,0.0,,,
5823,02/12/22 05:10:00 PM,,0.0,,,
5824,02/12/22 05:15:00 PM,,0.0,,,
5825,02/12/22 05:20:00 PM,,0.0,,,
5826,02/12/22 05:25:00 PM,,0.0,,,
5827,02/12/22 05:30:00 PM,1.548,0.0,,,
5828,02/12/22 05:35:00 PM,,0.0,,,
5829,02/12/22 05:40:00 PM,,0.0,,,
5830,02/12/22 05:45:00 PM,,0.0,,,
5831,02/12/22 05:50:00 PM,,0.0,,,
5832,02/12/22 05:55:00 PM,,0.0,,,
5833,02/12/22 06:00:00 PM,0.893,0.0,,,
5834,02/12/22 06:05:00 PM,,0.0,,,
5835,02/12/22 06:10:00 PM,,0.0,,,
5836,02/12/22 06:15:00 PM,,0.0,,,
5837,02/12/22 06:20:00 PM,,0.0,,,
5838,02/12/22 06:25:00 PM,,0.0,,,
5839,02/12/22 06:30:00 PM,0.784,0.0,,,
5840,02/12/22 06:35:00 PM,,0.0,,,
5841,02/12/22 06:40:00 PM,,0.0,,,
5842,02/12/22 06:45:00 PM,,0.0,,,
5843,02/12/22 06:50:00 PM,,0.0,,,
5844,02/12/22 06:55:00 PM,,0.0,,,
5845,02/12/22 07:00:00 PM,0.453,0.0,,,
5846,02/12/22 07:05:00 PM,,0.0,,,
5847,02/12/22 07:10:00 PM,,0.0,,,
5848,02/12/22 07:15:00 PM,,0.0,,,
5849,02/12/22 07:20:00 PM,,0.0,,,
5850,02/12/22 07:25:00 PM,,0.0,,,
5851,02/12/22 07:30:00 PM,0.674,0.0,,,
5852,02/12/22 07:35:00 PM,,0.0,,,
5853,02/12/22 07:40:00 PM,,0.0,,,
5854,02/12/22 07:45:00 PM,,0.0,,,
5855,02/12/22 07:50:00 PM,,0.0,,,
5856,02/12/22 07:55:00 PM,,0.0,,,
5857,02/12/22 08:00:00 PM,0.784,0.0,,,
5858,02/12/22 08:05:00 PM,,0.0,,,
5859,02/12/22 08:10:00 PM,,0.0,,,
5860,02/12/22 08:15:00 PM,,0.0,,,
5861,02/12/22 08:20:00 PM,,0.0,,,
5862,02/12/22 08:25:00 PM,,0.0,,,
5863,02/12/22 08:30:00 PM,1.112,0.0,,,
5864,02/12/22 08:35:00 PM,,0.0,,,
5865,02/12/22 08:40:00 PM,,0.0,,,
5866,02/12/22 08:45:00 PM,,0.0,,,
5867,02/12/22 08:50:00 PM,,0.0,,,
5868,02/12/22 08:55:00 PM,,0.0,,,
5869,02/12/22 09:00:00 PM,1.872,0.0,,,
5870,02/12/22 09:05:00 PM,,0.0,,,
5871,02/12/22 09:10:00 PM,,0.0,,,
5872,02/12/22 09:15:00 PM,,0.0,,,
5873,02/12/22 09:20:00 PM,,0.0,,,
5874,02/12/22 09:25:00 PM,,0.0,,,
5875,02/12/22 09:30:00 PM,1.980,0.0,,,
5876,02/12/22 09:35:00 PM,,0.0,,,
5877,02/12/22 09:40:00 PM,,0.0,,,
5878,02/12/22 09:45:00 PM,,0.0,,,
5879,02/12/22 09:50:00 PM,,0.0,,,
5880,02/12/22 09:55:00 PM,,0.0,,,
5881,02/12/22 10:00:00 PM,1.980,0.0,,,
5882,02/12/22 10:05:00 PM,,0.0,,,
5883,02/12/22 10:10:00 PM,,0.0,,,
5884,02/12/22 10:15:00 PM,,0.0,,,
5885,02/12/22 10:20:00 PM,,0.0,,,
5886,02/12/22 10:25:00 PM,,0.0,,,
5887,02/12/22 10:30:00 PM,2.303,0.0,,,
5888,02/12/22 10:35:00 PM,,0.0,,,
5889,02/12/22 10:40:00 PM,,0.0,,,
5890,02/12/22 10:45:00 PM,,0.0,,,
5891,02/12/22 10:50:00 PM,,0.0,,,
5892,02/12/22 10:55:00 PM,,0.0,,,
5893,02/12/22 11:00:00 PM,2.410,0.0,,,
5894,02/12/22 11:05:00 PM,,0.0,,,
5895,02/12/22 11:10:00 PM,,0.0,,,
5896,02/12/22 11:15:00 PM,,0.0,,,
5897,02/12/22 11:20:00 PM,,0.0,,,
5898,02/12/22 11:25:00 PM,,0.0,,,
5899,02/12/22 11:30:00 PM,2.943,0.0,,,
5900,02/12/22 11:35:00 PM,,0.0,,,
5901,02/12/22 11:40:00 PM,,0.0,,,
5902,02/12/22 11:45:00 PM,,0.0,,,
5903,02/12/22 11:50:00 PM,,0.0,,,
5904,02/12/22 11:55:00 PM,,0.0,,,
5905,02/13/22 12:00:00 AM,3.155,0.0,,,
5906,02/13/22 12:05:00 AM,,0.0,,,
5907,02/13/22 12:10:00 AM,,0.0,,,
5908,02/13/22 12:15:00 AM,,0.0,,,
5909,02/13/22 12:20:00 AM,,0.0,,,
5910,02/13/22 12:25:00 AM,,0.0,,,
5911,02/13/22 12:30:00 AM,4.519,0.0,,,
5912,02/13/22 12:35:00 AM,,0.0,,,
5913,02/13/22 12:40:00 AM,,0.0,,,
5914,02/13/22 12:45:00 AM,,0.0,,,
5915,02/13/22 12:50:00 AM,,0.0,,,
5916,02/13/22 12:55:00 AM,,0.0,,,
5917,02/13/22 01:00:00 AM,5.037,0.0,,,
5918,02/13/22 01:05:00 AM,,0.0,,,
5919,02/13/22 01:10:00 AM,,0.0,,,
5920,02/13/22 01:15:00 AM,,0.0,,,
5921,02/13/22 01:20:00 AM,,0.0,,,
5922,02/13/22 01:25:00 AM,,0.0,,,
5923,02/13/22 01:30:00 AM,5.552,0.0,,,
5924,02/13/22 01:35:00 AM,,0.0,,,
5925,02/13/22 01:40:00 AM,,0.0,,,
5926,02/13/22 01:45:00 AM,,0.0,,,
5927,02/13/22 01:50:00 AM,,0.0,,,
5928,02/13/22 01:55:00 AM,,0.0,,,
5929,02/13/22 02:00:00 AM,5.860,0.0,,,
5930,02/13/22 02:05:00 AM,,0.0,,,
5931,02/13/22 02:10:00 AM,,0.0,,,
5932,02/13/22 02:15:00 AM,,0.0,,,
5933,02/13/22 02:20:00 AM,,0.0,,,
5934,02/13/22 02:25:00 AM,,0.0,,,
5935,02/13/22 02:30:00 AM,6.471,0.0,,,
5936,02/13/22 02:35:00 AM,,0.0,,,
5937,02/13/22 02:40:00 AM,,0.0,,,
5938,02/13/22 02:45:00 AM,,0.0,,,
5939,02/13/22 02:50:00 AM,,0.0,,,
5940,02/13/22 02:55:00 AM,,0.0,,,
5941,02/13/22 03:00:00 AM,5.450,0.0,,,
5942,02/13/22 03:05:00 AM,,0.0,,,
5943,02/13/22 03:10:00 AM,,0.0,,,
5944,02/13/22 03:15:00 AM,,0.0,,,
5945,02/13/22 03:20:00 AM,,0.0,,,
5946,02/13/22 03:25:00 AM,,0.0,,,
5947,02/13/22 03:30:00 AM,4.934,0.0,,,
5948,02/13/22 03:35:00 AM,,0.0,,,
5949,02/13/22 03:40:00 AM,,0.0,,,
5950,02/13/22 03:45:00 AM,,0.0,,,
5951,02/13/22 03:50:00 AM,,0.0,,,
5952,02/13/22 03:55:00 AM,,0.0,,,
5953,02/13/22 04:00:00 AM,4.727,0.0,,,
5954,02/13/22 04:05:00 AM,,0.0,,,
5955,02/13/22 04:10:00 AM,,0.0,,,
5956,02/13/22 04:15:00 AM,,0.0,,,
5957,02/13/22 04:20:00 AM,,0.0,,,
5958,02/13/22 04:25:00 AM,,0.0,,,
5959,02/13/22 04:30:00 AM,4.519,0.0,,,
5960,02/13/22 04:35:00 AM,,0.0,,,
5961,02/13/22 04:40:00 AM,,0.0,,,
5962,02/13/22 04:45:00 AM,,0.0,,,
5963,02/13/22 04:50:00 AM,,0.0,,,
5964,02/13/22 04:55:00 AM,,0.0,,,
5965,02/13/22 05:00:00 AM,4.727,0.0,,,
5966,02/13/22 05:05:00 AM,,0.0,,,
5967,02/13/22 05:10:00 AM,,0.0,,,
5968,02/13/22 05:15:00 AM,,0.0,,,
5969,02/13/22 05:20:00 AM,,0.0,,,
5970,02/13/22 05:25:00 AM,,0.0,,,
5971,02/13/22 05:30:00 AM,5.347,0.0,,,
5972,02/13/22 05:35:00 AM,,0.0,,,
5973,02/13/22 05:40:00 AM,,0.0,,,
5974,02/13/22 05:45:00 AM,,0.0,,,
5975,02/13/22 05:50:00 AM,,0.0,,,
5976,02/13/22 05:55:00 AM,,0.0,,,
5977,02/13/22 06:00:00 AM,5.037,0.0,,,
5978,02/13/22 06:05:00 AM,,0.0,,,
5979,02/13/22 06:10:00 AM,,0.0,,,
5980,02/13/22 06:15:00 AM,,0.0,,,
5981,02/13/22 06:20:00 AM,,0.0,,,
5982,02/13/22 06:25:00 AM,,0.0,,,
5983,02/13/22 06:30:00 AM,5.141,0.0,,,
5984,02/13/22 06:35:00 AM,,0.0,,,
5985,02/13/22 06:40:00 AM,,0.0,,,
5986,02/13/22 06:45:00 AM,,0.0,,,
5987,02/13/22 06:50:00 AM,,0.0,,,
5988,02/13/22 06:55:00 AM,,0.0,,,
5989,02/13/22 07:00:00 AM,5.244,0.0,,,
5990,02/13/22 07:05:00 AM,,0.0,,,
5991,02/13/22 07:10:00 AM,,0.0,,,
5992,02/13/22 07:15:00 AM,,0.0,,,
5993,02/13/22 07:20:00 AM,,0.0,,,
5994,02/13/22 07:25:00 AM,,0.0,,,
5995,02/13/22 07:30:00 AM,5.860,0.0,,,
5996,02/13/22 07:35:00 AM,,0.0,,,
5997,02/13/22 07:40:00 AM,,0.0,,,
5998,02/13/22 07:45:00 AM,,0.0,,,
5999,02/13/22 07:50:00 AM,,0.0,,,
6000,02/13/22 07:55:00 AM,,0.0,,,
6001,02/13/22 08:00:00 AM,5.962,0.0,,,
6002,02/13/22 08:05:00 AM,,0.0,,,
6003,02/13/22 08:10:00 AM,,0.0,,,
6004,02/13/22 08:15:00 AM,,0.0,,,
6005,02/13/22 08:20:00 AM,,0.0,,,
6006,02/13/22 08:25:00 AM,,0.0,,,
6007,02/13/22 08:30:00 AM,6.268,0.0,,,
6008,02/13/22 08:35:00 AM,,0.0,,,
6009,02/13/22 08:40:00 AM,,0.0,,,
6010,02/13/22 08:45:00 AM,,0.0,,,
6011,02/13/22 08:50:00 AM,,0.0,,,
6012,02/13/22 08:55:00 AM,,0.0,,,
6013,02/13/22 09:00:00 AM,6.268,0.0,,,
6014,02/13/22 09:05:00 AM,,0.0,,,
6015,02/13/22 09:10:00 AM,,0.0,,,
6016,02/13/22 09:15:00 AM,,0.0,,,
6017,02/13/22 09:20:00 AM,,0.0,,,
6018,02/13/22 09:25:00 AM,,0.0,,,
6019,02/13/22 09:30:00 AM,6.471,0.0,,,
6020,02/13/22 09:35:00 AM,,0.0,,,
6021,02/13/22 09:40:00 AM,,0.0,,,
6022,02/13/22 09:45:00 AM,,0.0,,,
6023,02/13/22 09:50:00 AM,,0.0,,,
6024,02/13/22 09:55:00 AM,,0.0,,,
6025,02/13/22 10:00:00 AM,7.079,0.0,,,
6026,02/13/22 10:05:00 AM,,0.0,,,
6027,02/13/22 10:10:00 AM,,0.0,,,
6028,02/13/22 10:15:00 AM,,0.0,,,
6029,02/13/22 10:20:00 AM,,0.0,,,
6030,02/13/22 10:25:00 AM,,0.0,,,
6031,02/13/22 10:30:00 AM,7.782,0.0,,,
6032,02/13/22 10:35:00 AM,,0.0,,,
6033,02/13/22 10:40:00 AM,,0.0,,,
6034,02/13/22 10:45:00 AM,,0.0,,,
6035,02/13/22 10:50:00 AM,,0.0,,,
6036,02/13/22 10:55:00 AM,,0.0,,,
6037,02/13/22 11:00:00 AM,8.581,0.0,,,
6038,02/13/22 11:05:00 AM,,0.0,,,
6039,02/13/22 11:10:00 AM,,0.0,,,
6040,02/13/22 11:15:00 AM,,0.0,,,
6041,02/13/22 11:20:00 AM,,0.0,,,
6042,02/13/22 11:25:00 AM,,0.0,,,
6043,02/13/22 11:30:00 AM,9.472,0.0,,,
6044,02/13/22 11:35:00 AM,,0.0,,,
6045,02/13/22 11:40:00 AM,,0.0,,,
6046,02/13/22 11:45:00 AM,,0.0,,,
6047,02/13/22 11:50:00 AM,,0.0,,,
6048,02/13/22 11:55:00 AM,,0.0,,,
6049,02/13/22 12:00:00 PM,9.669,0.0,,,
6050,02/13/22 12:05:00 PM,,0.0,,,
6051,02/13/22 12:10:00 PM,,0.0,,,
6052,02/13/22 12:15:00 PM,,0.0,,,
6053,02/13/22 12:20:00 PM,,0.0,,,
6054,02/13/22 12:25:00 PM,,0.0,,,
6055,02/13/22 12:30:00 PM,10.748,0.0,,,
6056,02/13/22 12:35:00 PM,,0.0,,,
6057,02/13/22 12:40:00 PM,,0.0,,,
6058,02/13/22 12:45:00 PM,,0.0,,,
6059,02/13/22 12:50:00 PM,,0.0,,,
6060,02/13/22 12:55:00 PM,,0.0,,,
6061,02/13/22 01:00:00 PM,10.357,0.0,,,
6062,02/13/22 01:05:00 PM,,0.0,,,
6063,02/13/22 01:10:00 PM,,0.0,,,
6064,02/13/22 01:15:00 PM,,0.0,,,
6065,02/13/22 01:20:00 PM,,0.0,,,
6066,02/13/22 01:25:00 PM,,0.0,,,
6067,02/13/22 01:30:00 PM,10.846,0.0,,,
6068,02/13/22 01:35:00 PM,,0.0,,,
6069,02/13/22 01:40:00 PM,,0.0,,,
6070,02/13/22 01:45:00 PM,,0.0,,,
6071,02/13/22 01:50:00 PM,,0.0,,,
6072,02/13/22 01:55:00 PM,,0.0,,,
6073,02/13/22 02:00:00 PM,11.334,0.0,,,
6074,02/13/22 02:05:00 PM,,0.0,,,
6075,02/13/22 02:10:00 PM,,0.0,,,
6076,02/13/22 02:15:00 PM,,0.0,,,
6077,02/13/22 02:20:00 PM,,0.0,,,
6078,02/13/22 02:25:00 PM,,0.0,,,
6079,02/13/22 02:30:00 PM,12.013,0.0,,,
6080,02/13/22 02:35:00 PM,,0.0,,,
6081,02/13/22 02:40:00 PM,,0.0,,,
6082,02/13/22 02:45:00 PM,,0.0,,,
6083,02/13/22 02:50:00 PM,,0.0,,,
6084,02/13/22 02:55:00 PM,,0.0,,,
6085,02/13/22 03:00:00 PM,14.230,0.0,,,
6086,02/13/22 03:05:00 PM,,0.0,,,
6087,02/13/22 03:10:00 PM,,0.0,,,
6088,02/13/22 03:15:00 PM,,0.0,,,
6089,02/13/22 03:20:00 PM,,0.0,,,
6090,02/13/22 03:25:00 PM,,0.0,,,
6091,02/13/22 03:30:00 PM,13.654,0.0,,,
6092,02/13/22 03:35:00 PM,,0.0,,,
6093,02/13/22 03:40:00 PM,,0.0,,,
6094,02/13/22 03:45:00 PM,,0.0,,,
6095,02/13/22 03:50:00 PM,,0.0,,,
6096,02/13/22 03:55:00 PM,,0.0,,,
6097,02/13/22 04:00:00 PM,13.558,0.0,,,
6098,02/13/22 04:05:00 PM,,0.0,,,
6099,02/13/22 04:10:00 PM,,0.0,,,
6100,02/13/22 04:15:00 PM,,0.0,,,
6101,02/13/22 04:20:00 PM,,0.0,,,
6102,02/13/22 04:25:00 PM,,0.0,,,
6103,02/13/22 04:30:00 PM,12.207,0.0,,,
6104,02/13/22 04:35:00 PM,,0.0,,,
6105,02/13/22 04:40:00 PM,,0.0,,,
6106,02/13/22 04:45:00 PM,,0.0,,,
6107,02/13/22 04:50:00 PM,,0.0,,,
6108,02/13/22 04:55:00 PM,,0.0,,,
6109,02/13/22 05:00:00 PM,8.978,0.0,,,
6110,02/13/22 05:05:00 PM,,0.0,,,
6111,02/13/22 05:10:00 PM,,0.0,,,
6112,02/13/22 05:15:00 PM,,0.0,,,
6113,02/13/22 05:20:00 PM,,0.0,,,
6114,02/13/22 05:25:00 PM,,0.0,,,
6115,02/13/22 05:30:00 PM,8.182,0.0,,,
6116,02/13/22 05:35:00 PM,,0.0,,,
6117,02/13/22 05:40:00 PM,,0.0,,,
6118,02/13/22 05:45:00 PM,,0.0,,,
6119,02/13/22 05:50:00 PM,,0.0,,,
6120,02/13/22 05:55:00 PM,,0.0,,,
6121,02/13/22 06:00:00 PM,8.282,0.0,,,
6122,02/13/22 06:05:00 PM,,0.0,,,
6123,02/13/22 06:10:00 PM,,0.0,,,
6124,02/13/22 06:15:00 PM,,0.0,,,
6125,02/13/22 06:20:00 PM,,0.0,,,
6126,02/13/22 06:25:00 PM,,0.0,,,
6127,02/13/22 06:30:00 PM,8.978,0.0,,,
6128,02/13/22 06:35:00 PM,,0.0,,,
6129,02/13/22 06:40:00 PM,,0.0,,,
6130,02/13/22 06:45:00 PM,,0.0,,,
6131,02/13/22 06:50:00 PM,,0.0,,,
6132,02/13/22 06:55:00 PM,,0.0,,,
6133,02/13/22 07:00:00 PM,8.879,0.0,,,
6134,02/13/22 07:05:00 PM,,0.0,,,
6135,02/13/22 07:10:00 PM,,0.0,,,
6136,02/13/22 07:15:00 PM,,0.0,,,
6137,02/13/22 07:20:00 PM,,0.0,,,
6138,02/13/22 07:25:00 PM,,0.0,,,
6139,02/13/22 07:30:00 PM,8.879,0.0,,,
6140,02/13/22 07:35:00 PM,,0.0,,,
6141,02/13/22 07:40:00 PM,,0.0,,,
6142,02/13/22 07:45:00 PM,,0.0,,,
6143,02/13/22 07:50:00 PM,,0.0,,,
6144,02/13/22 07:55:00 PM,,0.0,,,
6145,02/13/22 08:00:00 PM,9.176,0.0,,,
6146,02/13/22 08:05:00 PM,,0.0,,,
6147,02/13/22 08:10:00 PM,,0.0,,,
6148,02/13/22 08:15:00 PM,,0.0,,,
6149,02/13/22 08:20:00 PM,,0.0,,,
6150,02/13/22 08:25:00 PM,,0.0,,,
6151,02/13/22 08:30:00 PM,9.373,0.0,,,
6152,02/13/22 08:35:00 PM,,0.0,,,
6153,02/13/22 08:40:00 PM,,0.0,,,
6154,02/13/22 08:45:00 PM,,0.0,,,
6155,02/13/22 08:50:00 PM,,0.0,,,
6156,02/13/22 08:55:00 PM,,0.0,,,
6157,02/13/22 09:00:00 PM,9.768,0.0,,,
6158,02/13/22 09:05:00 PM,,0.0,,,
6159,02/13/22 09:10:00 PM,,0.0,,,
6160,02/13/22 09:15:00 PM,,0.0,,,
6161,02/13/22 09:20:00 PM,,0.0,,,
6162,02/13/22 09:25:00 PM,,0.0,,,
6163,02/13/22 09:30:00 PM,9.965,0.0,,,
6164,02/13/22 09:35:00 PM,,0.0,,,
6165,02/13/22 09:40:00 PM,,0.0,,,
6166,02/13/22 09:45:00 PM,,0.0,,,
6167,02/13/22 09:50:00 PM,,0.0,,,
6168,02/13/22 09:55:00 PM,,0.0,,,
6169,02/13/22 10:00:00 PM,9.965,0.0,,,
6170,02/13/22 10:05:00 PM,,0.0,,,
6171,02/13/22 10:10:00 PM,,0.0,,,
6172,02/13/22 10:15:00 PM,,0.0,,,
6173,02/13/22 10:20:00 PM,,0.0,,,
6174,02/13/22 10:25:00 PM,,0.0,,,
6175,02/13/22 10:30:00 PM,9.965,0.0,,,
6176,02/13/22 10:35:00 PM,,0.0,,,
6177,02/13/22 10:40:00 PM,,0.0,,,
6178,02/13/22 10:45:00 PM,,0.0,,,
6179,02/13/22 10:50:00 PM,,0.0,,,
6180,02/13/22 10:55:00 PM,,0.0,,,
6181,02/13/22 11:00:00 PM,9.866,0.0,,,
6182,02/13/22 11:05:00 PM,,0.0,,,
6183,02/13/22 11:10:00 PM,,0.0,,,
6184,02/13/22 11:15:00 PM,,0.0,,,
6185,02/13/22 11:20:00 PM,,0.0,,,
6186,02/13/22 11:25:00 PM,,0.0,,,
6187,02/13/22 11:30:00 PM,10.259,0.0,,,
6188,02/13/22 11:35:00 PM,,0.0,,,
6189,02/13/22 11:40:00 PM,,0.0,,,
6190,02/13/22 11:45:00 PM,,0.0,,,
6191,02/13/22 11:50:00 PM,,0.0,,,
6192,02/13/22 11:55:00 PM,,0.0,,,
6193,02/14/22 12:00:00 AM,10.455,0.0,,,
6194,02/14/22 12:05:00 AM,,0.0,,,
6195,02/14/22 12:10:00 AM,,0.0,,,
6196,02/14/22 12:15:00 AM,,0.0,,,
6197,02/14/22 12:20:00 AM,,0.0,,,
6198,02/14/22 12:25:00 AM,,0.0,,,
6199,02/14/22 12:30:00 AM,10.651,0.0,,,
6200,02/14/22 12:35:00 AM,,0.0,,,
6201,02/14/22 12:40:00 AM,,0.0,,,
6202,02/14/22 12:45:00 AM,,0.0,,,
6203,02/14/22 12:50:00 AM,,0.0,,,
6204,02/14/22 12:55:00 AM,,0.0,,,
6205,02/14/22 01:00:00 AM,10.748,0.0,,,
6206,02/14/22 01:05:00 AM,,0.0,,,
6207,02/14/22 01:10:00 AM,,0.0,,,
6208,02/14/22 01:15:00 AM,,0.0,,,
6209,02/14/22 01:20:00 AM,,0.0,,,
6210,02/14/22 01:25:00 AM,,0.0,,,
6211,02/14/22 01:30:00 AM,10.944,0.0,,,
6212,02/14/22 01:35:00 AM,,0.0,,,
6213,02/14/22 01:40:00 AM,,0.0,,,
6214,02/14/22 01:45:00 AM,,0.0,,,
6215,02/14/22 01:50:00 AM,,0.0,,,
6216,02/14/22 01:55:00 AM,,0.0,,,
6217,02/14/22 02:00:00 AM,10.846,0.0,,,
6218,02/14/22 02:05:00 AM,,0.0,,,
6219,02/14/22 02:10:00 AM,,0.0,,,
6220,02/14/22 02:15:00 AM,,0.0,,,
6221,02/14/22 02:20:00 AM,,0.0,,,
6222,02/14/22 02:25:00 AM,,0.0,,,
6223,02/14/22 02:30:00 AM,10.553,0.0,,,
6224,02/14/22 02:35:00 AM,,0.0,,,
6225,02/14/22 02:40:00 AM,,0.0,,,
6226,02/14/22 02:45:00 AM,,0.0,,,
6227,02/14/22 02:50:00 AM,,0.0,,,
6228,02/14/22 02:55:00 AM,,0.0,,,
6229,02/14/22 03:00:00 AM,10.357,0.0,,,
6230,02/14/22 03:05:00 AM,,0.0,,,
6231,02/14/22 03:10:00 AM,,0.0,,,
6232,02/14/22 03:15:00 AM,,0.0,,,
6233,02/14/22 03:20:00 AM,,0.0,,,
6234,02/14/22 03:25:00 AM,,0.0,,,
6235,02/14/22 03:30:00 AM,10.357,0.0,,,
6236,02/14/22 03:35:00 AM,,0.0,,,
6237,02/14/22 03:40:00 AM,,0.0,,,
6238,02/14/22 03:45:00 AM,,0.0,,,
6239,02/14/22 03:50:00 AM,,0.0,,,
6240,02/14/22 03:55:00 AM,,0.0,,,
6241,02/14/22 04:00:00 AM,10.357,0.0,,,
6242,02/14/22 04:05:00 AM,,0.0,,,
6243,02/14/22 04:10:00 AM,,0.0,,,
6244,02/14/22 04:15:00 AM,,0.0,,,
6245,02/14/22 04:20:00 AM,,0.0,,,
6246,02/14/22 04:25:00 AM,,0.0,,,
6247,02/14/22 04:30:00 AM,10.455,0.0,,,
6248,02/14/22 04:35:00 AM,,0.0,,,
6249,02/14/22 04:40:00 AM,,0.0,,,
6250,02/14/22 04:45:00 AM,,0.0,,,
6251,02/14/22 04:50:00 AM,,0.0,,,
6252,02/14/22 04:55:00 AM,,0.0,,,
6253,02/14/22 05:00:00 AM,10.259,0.0,,,
6254,02/14/22 05:05:00 AM,,0.0,,,
6255,02/14/22 05:10:00 AM,,0.0,,,
6256,02/14/22 05:15:00 AM,,0.0,,,
6257,02/14/22 05:20:00 AM,,0.0,,,
6258,02/14/22 05:25:00 AM,,0.0,,,
6259,02/14/22 05:30:00 AM,10.357,0.0,,,
6260,02/14/22 05:35:00 AM,,0.0,,,
6261,02/14/22 05:40:00 AM,,0.0,,,
6262,02/14/22 05:45:00 AM,,0.0,,,
6263,02/14/22 05:50:00 AM,,0.0,,,
6264,02/14/22 05:55:00 AM,,0.0,,,
6265,02/14/22 06:00:00 AM,10.553,0.0,,,
6266,02/14/22 06:05:00 AM,,0.0,,,
6267,02/14/22 06:10:00 AM,,0.0,,,
6268,02/14/22 06:15:00 AM,,0.0,,,
6269,02/14/22 06:20:00 AM,,0.0,,,
6270,02/14/22 06:25:00 AM,,0.0,,,
6271,02/14/22 06:30:00 AM,10.651,0.0,,,
6272,02/14/22 06:35:00 AM,,0.0,,,
6273,02/14/22 06:40:00 AM,,0.0,,,
6274,02/14/22 06:45:00 AM,,0.0,,,
6275,02/14/22 06:50:00 AM,,0.0,,,
6276,02/14/22 06:55:00 AM,,0.0,,,
6277,02/14/22 07:00:00 AM,11.041,0.0,,,
6278,02/14/22 07:05:00 AM,,0.0,,,
6279,02/14/22 07:10:00 AM,,0.0,,,
6280,02/14/22 07:15:00 AM,,0.0,,,
6281,02/14/22 07:20:00 AM,,0.0,,,
6282,02/14/22 07:25:00 AM,,0.0,,,
6283,02/14/22 07:30:00 AM,11.236,0.0,,,
6284,02/14/22 07:35:00 AM,,0.0,,,
6285,02/14/22 07:40:00 AM,,0.0,,,
6286,02/14/22 07:45:00 AM,,0.0,,,
6287,02/14/22 07:50:00 AM,,0.0,,,
6288,02/14/22 07:55:00 AM,,0.0,,,
6289,02/14/22 08:00:00 AM,11.139,0.0,,,
6290,02/14/22 08:05:00 AM,,0.0,,,
6291,02/14/22 08:10:00 AM,,0.0,,,
6292,02/14/22 08:15:00 AM,,0.0,,,
6293,02/14/22 08:20:00 AM,,0.0,,,
6294,02/14/22 08:25:00 AM,,0.0,,,
6295,02/14/22 08:30:00 AM,11.041,0.0,,,
6296,02/14/22 08:35:00 AM,,0.0,,,
6297,02/14/22 08:40:00 AM,,0.0,,,
6298,02/14/22 08:45:00 AM,,0.0,,,
6299,02/14/22 08:50:00 AM,,0.0,,,
6300,02/14/22 08:55:00 AM,,0.0,,,
6301,02/14/22 09:00:00 AM,10.944,0.0,,,
6302,02/14/22 09:05:00 AM,,0.0,,,
6303,02/14/22 09:10:00 AM,,0.0,,,
6304,02/14/22 09:15:00 AM,,0.0,,,
6305,02/14/22 09:20:00 AM,,0.0,,,
6306,02/14/22 09:25:00 AM,,0.0,,,
6307,02/14/22 09:30:00 AM,11.431,0.0,,,
6308,02/14/22 09:35:00 AM,,0.0,,,
6309,02/14/22 09:40:00 AM,,0.0,,,
6310,02/14/22 09:45:00 AM,,0.0,,,
6311,02/14/22 09:50:00 AM,,0.0,,,
6312,02/14/22 09:55:00 AM,,0.0,,,
6313,02/14/22 10:00:00 AM,11.528,0.0,,,
6314,02/14/22 10:05:00 AM,,0.0,,,
6315,02/14/22 10:10:00 AM,,0.0,,,
6316,02/14/22 10:15:00 AM,,0.0,,,
6317,02/14/22 10:20:00 AM,,0.0,,,
6318,02/14/22 10:25:00 AM,,0.0,,,
6319,02/14/22 10:30:00 AM,11.722,0.0,,,
6320,02/14/22 10:35:00 AM,,0.0,,,
6321,02/14/22 10:40:00 AM,,0.0,,,
6322,02/14/22 10:45:00 AM,,0.0,,,
6323,02/14/22 10:50:00 AM,,0.0,,,
6324,02/14/22 10:55:00 AM,,0.0,,,
6325,02/14/22 11:00:00 AM,11.528,0.0,,,
6326,02/14/22 11:05:00 AM,,0.0,,,
6327,02/14/22 11:10:00 AM,,0.0,,,
6328,02/14/22 11:15:00 AM,,0.0,,,
6329,02/14/22 11:20:00 AM,,0.0,,,
6330,02/14/22 11:25:00 AM,,0.0,,,
6331,02/14/22 11:30:00 AM,11.722,0.0,,,
6332,02/14/22 11:35:00 AM,,0.0,,,
6333,02/14/22 11:40:00 AM,,0.0,,,
6334,02/14/22 11:45:00 AM,,0.0,,,
6335,02/14/22 11:50:00 AM,,0.0,,,
6336,02/14/22 11:55:00 AM,,0.0,,,
6337,02/14/22 12:00:00 PM,11.334,0.0,,,
6338,02/14/22 12:05:00 PM,,0.0,,,
6339,02/14/22 12:10:00 PM,,0.0,,,
6340,02/14/22 12:15:00 PM,,0.0,,,
6341,02/14/22 12:20:00 PM,,0.0,,,
6342,02/14/22 12:25:00 PM,,0.0,,,
6343,02/14/22 12:30:00 PM,11.528,0.0,,,
6344,02/14/22 12:35:00 PM,,0.0,,,
6345,02/14/22 12:40:00 PM,,0.0,,,
6346,02/14/22 12:45:00 PM,,0.0,,,
6347,02/14/22 12:50:00 PM,,0.0,,,
6348,02/14/22 12:55:00 PM,,0.0,,,
6349,02/14/22 01:00:00 PM,11.916,0.0,,,
6350,02/14/22 01:05:00 PM,,0.0,,,
6351,02/14/22 01:10:00 PM,,0.0,,,
6352,02/14/22 01:15:00 PM,,0.0,,,
6353,02/14/22 01:20:00 PM,,0.0,,,
6354,02/14/22 01:25:00 PM,,0.0,,,
6355,02/14/22 01:30:00 PM,11.528,0.0,,,
6356,02/14/22 01:35:00 PM,,0.0,,,
6357,02/14/22 01:40:00 PM,,0.0,,,
6358,02/14/22 01:45:00 PM,,0.0,,,
6359,02/14/22 01:50:00 PM,,0.0,,,
6360,02/14/22 01:55:00 PM,,0.0,,,
6361,02/14/22 02:00:00 PM,10.161,0.0,,,
6362,02/14/22 02:05:00 PM,,0.0,,,
6363,02/14/22 02:10:00 PM,,0.0,,,
6364,02/14/22 02:15:00 PM,,0.2,,,
6365,02/14/22 02:20:00 PM,,0.0,,,
6366,02/14/22 02:25:00 PM,,0.0,,,
6367,02/14/22 02:30:00 PM,9.472,0.0,,,
6368,02/14/22 02:35:00 PM,,0.0,,,
6369,02/14/22 02:40:00 PM,,0.0,,,
6370,02/14/22 02:45:00 PM,,0.0,,,
6371,02/14/22 02:50:00 PM,,0.0,,,
6372,02/14/22 02:55:00 PM,,0.2,,,
6373,02/14/22 03:00:00 PM,8.680,0.0,,,
6374,02/14/22 03:05:00 PM,,0.0,,,
6375,02/14/22 03:10:00 PM,,0.0,,,
6376,02/14/22 03:15:00 PM,,0.0,,,
6377,02/14/22 03:20:00 PM,,0.0,,,
6378,02/14/22 03:25:00 PM,,0.2,,,
6379,02/14/22 03:30:00 PM,7.983,0.0,,,
6380,02/14/22 03:35:00 PM,,0.0,,,
6381,02/14/22 03:40:00 PM,,0.0,,,
6382,02/14/22 03:45:00 PM,,0.2,,,
6383,02/14/22 03:50:00 PM,,0.0,,,
6384,02/14/22 03:55:00 PM,,0.0,,,
6385,02/14/22 04:00:00 PM,7.381,0.2,,,
6386,02/14/22 04:05:00 PM,,0.2,,,
6387,02/14/22 04:10:00 PM,,0.2,,,
6388,02/14/22 04:15:00 PM,,0.0,,,
6389,02/14/22 04:20:00 PM,,0.4,,,
6390,02/14/22 04:25:00 PM,,0.0,,,
6391,02/14/22 04:30:00 PM,6.978,0.2,,,
6392,02/14/22 04:35:00 PM,,0.2,,,
6393,02/14/22 04:40:00 PM,,0.0,,,
6394,02/14/22 04:45:00 PM,,0.2,,,
6395,02/14/22 04:50:00 PM,,0.2,,,
6396,02/14/22 04:55:00 PM,,0.0,,,
6397,02/14/22 05:00:00 PM,6.674,0.0,,,
6398,02/14/22 05:05:00 PM,,0.0,,,
6399,02/14/22 05:10:00 PM,,0.2,,,
6400,02/14/22 05:15:00 PM,,0.0,,,
6401,02/14/22 05:20:00 PM,,0.2,,,
6402,02/14/22 05:25:00 PM,,0.0,,,
6403,02/14/22 05:30:00 PM,6.166,0.0,,,
6404,02/14/22 05:35:00 PM,,0.2,,,
6405,02/14/22 05:40:00 PM,,0.0,,,
6406,02/14/22 05:45:00 PM,,0.2,,,
6407,02/14/22 05:50:00 PM,,0.0,,,
6408,02/14/22 05:55:00 PM,,0.0,,,
6409,02/14/22 06:00:00 PM,6.064,0.0,,,
6410,02/14/22 06:05:00 PM,,0.0,,,
6411,02/14/22 06:10:00 PM,,0.0,,,
6412,02/14/22 06:15:00 PM,,0.0,,,
6413,02/14/22 06:20:00 PM,,0.0,,,
6414,02/14/22 06:25:00 PM,,0.0,,,
6415,02/14/22 06:30:00 PM,5.757,0.0,,,
6416,02/14/22 06:35:00 PM,,0.0,,,
6417,02/14/22 06:40:00 PM,,0.0,,,
6418,02/14/22 06:45:00 PM,,0.0,,,
6419,02/14/22 06:50:00 PM,,0.0,,,
6420,02/14/22 06:55:00 PM,,0.0,,,
6421,02/14/22 07:00:00 PM,5.552,0.0,,,
6422,02/14/22 07:05:00 PM,,0.0,,,
6423,02/14/22 07:10:00 PM,,0.0,,,
6424,02/14/22 07:15:00 PM,,0.0,,,
6425,02/14/22 07:20:00 PM,,0.0,,,
6426,02/14/22 07:25:00 PM,,0.0,,,
6427,02/14/22 07:30:00 PM,5.655,0.0,,,
6428,02/14/22 07:35:00 PM,,0.0,,,
6429,02/14/22 07:40:00 PM,,0.0,,,
6430,02/14/22 07:45:00 PM,,0.0,,,
6431,02/14/22 07:50:00 PM,,0.0,,,
6432,02/14/22 07:55:00 PM,,0.0,,,
6433,02/14/22 08:00:00 PM,5.962,0.0,,,
6434,02/14/22 08:05:00 PM,,0.0,,,
6435,02/14/22 08:10:00 PM,,0.0,,,
6436,02/14/22 08:15:00 PM,,0.0,,,
6437,02/14/22 08:20:00 PM,,0.0,,,
6438,02/14/22 08:25:00 PM,,0.0,,,
6439,02/14/22 08:30:00 PM,6.064,0.0,,,
6440,02/14/22 08:35:00 PM,,0.0,,,
6441,02/14/22 08:40:00 PM,,0.2,,,
6442,02/14/22 08:45:00 PM,,0.0,,,
6443,02/14/22 08:50:00 PM,,0.0,,,
6444,02/14/22 08:55:00 PM,,0.0,,,
6445,02/14/22 09:00:00 PM,6.064,0.0,,,
6446,02/14/22 09:05:00 PM,,0.0,,,
6447,02/14/22 09:10:00 PM,,0.0,,,
6448,02/14/22 09:15:00 PM,,0.0,,,
6449,02/14/22 09:20:00 PM,,0.0,,,
6450,02/14/22 09:25:00 PM,,0.0,,,
6451,02/14/22 09:30:00 PM,5.757,0.0,,,
6452,02/14/22 09:35:00 PM,,0.0,,,
6453,02/14/22 09:40:00 PM,,0.0,,,
6454,02/14/22 09:45:00 PM,,0.0,,,
6455,02/14/22 09:50:00 PM,,0.0,,,
6456,02/14/22 09:55:00 PM,,0.0,,,
6457,02/14/22 10:00:00 PM,5.655,0.0,,,
6458,02/14/22 10:05:00 PM,,0.0,,,
6459,02/14/22 10:10:00 PM,,0.0,,,
6460,02/14/22 10:15:00 PM,,0.0,,,
6461,02/14/22 10:20:00 PM,,0.0,,,
6462,02/14/22 10:25:00 PM,,0.0,,,
6463,02/14/22 10:30:00 PM,5.244,0.0,,,
6464,02/14/22 10:35:00 PM,,0.0,,,
6465,02/14/22 10:40:00 PM,,0.0,,,
6466,02/14/22 10:45:00 PM,,0.0,,,
6467,02/14/22 10:50:00 PM,,0.0,,,
6468,02/14/22 10:55:00 PM,,0.0,,,
6469,02/14/22 11:00:00 PM,4.934,0.0,,,
6470,02/14/22 11:05:00 PM,,0.0,,,
6471,02/14/22 11:10:00 PM,,0.0,,,
6472,02/14/22 11:15:00 PM,,0.0,,,
6473,02/14/22 11:20:00 PM,,0.0,,,
6474,02/14/22 11:25:00 PM,,0.0,,,
6475,02/14/22 11:30:00 PM,4.831,0.0,,,
6476,02/14/22 11:35:00 PM,,0.0,,,
6477,02/14/22 11:40:00 PM,,0.0,,,
6478,02/14/22 11:45:00 PM,,0.0,,,
6479,02/14/22 11:50:00 PM,,0.0,,,
6480,02/14/22 11:55:00 PM,,0.0,,,
6481,02/15/22 12:00:00 AM,4.934,0.0,,,
6482,02/15/22 12:05:00 AM,,0.0,,,
6483,02/15/22 12:10:00 AM,,0.0,,,
6484,02/15/22 12:15:00 AM,,0.0,,,
6485,02/15/22 12:20:00 AM,,0.0,,,
6486,02/15/22 12:25:00 AM,,0.0,,,
6487,02/15/22 12:30:00 AM,5.244,0.0,,,
6488,02/15/22 12:35:00 AM,,0.0,,,
6489,02/15/22 12:40:00 AM,,0.0,,,
6490,02/15/22 12:45:00 AM,,0.0,,,
6491,02/15/22 12:50:00 AM,,0.0,,,
6492,02/15/22 12:55:00 AM,,0.0,,,
6493,02/15/22 01:00:00 AM,5.860,0.0,,,
6494,02/15/22 01:05:00 AM,,0.0,,,
6495,02/15/22 01:10:00 AM,,0.0,,,
6496,02/15/22 01:15:00 AM,,0.0,,,
6497,02/15/22 01:20:00 AM,,0.0,,,
6498,02/15/22 01:25:00 AM,,0.0,,,
6499,02/15/22 01:30:00 AM,5.757,0.0,,,
6500,02/15/22 01:35:00 AM,,0.0,,,
6501,02/15/22 01:40:00 AM,,0.0,,,
6502,02/15/22 01:45:00 AM,,0.0,,,
6503,02/15/22 01:50:00 AM,,0.0,,,
6504,02/15/22 01:55:00 AM,,0.0,,,
6505,02/15/22 02:00:00 AM,5.655,0.0,,,
6506,02/15/22 02:05:00 AM,,0.0,,,
6507,02/15/22 02:10:00 AM,,0.0,,,
6508,02/15/22 02:15:00 AM,,0.0,,,
6509,02/15/22 02:20:00 AM,,0.0,,,
6510,02/15/22 02:25:00 AM,,0.0,,,
6511,02/15/22 02:30:00 AM,5.962,0.0,,,
6512,02/15/22 02:35:00 AM,,0.0,,,
6513,02/15/22 02:40:00 AM,,0.0,,,
6514,02/15/22 02:45:00 AM,,0.0,,,
6515,02/15/22 02:50:00 AM,,0.0,,,
6516,02/15/22 02:55:00 AM,,0.0,,,
6517,02/15/22 03:00:00 AM,5.757,0.0,,,
6518,02/15/22 03:05:00 AM,,0.0,,,
6519,02/15/22 03:10:00 AM,,0.0,,,
6520,02/15/22 03:15:00 AM,,0.0,,,
6521,02/15/22 03:20:00 AM,,0.0,,,
6522,02/15/22 03:25:00 AM,,0.0,,,
6523,02/15/22 03:30:00 AM,6.064,0.0,,,
6524,02/15/22 03:35:00 AM,,0.0,,,
6525,02/15/22 03:40:00 AM,,0.0,,,
6526,02/15/22 03:45:00 AM,,0.0,,,
6527,02/15/22 03:50:00 AM,,0.0,,,
6528,02/15/22 03:55:00 AM,,0.0,,,
6529,02/15/22 04:00:00 AM,6.064,0.0,,,
6530,02/15/22 04:05:00 AM,,0.0,,,
6531,02/15/22 04:10:00 AM,,0.0,,,
6532,02/15/22 04:15:00 AM,,0.0,,,
6533,02/15/22 04:20:00 AM,,0.0,,,
6534,02/15/22 04:25:00 AM,,0.0,,,
6535,02/15/22 04:30:00 AM,5.860,0.0,,,
6536,02/15/22 04:35:00 AM,,0.0,,,
6537,02/15/22 04:40:00 AM,,0.0,,,
6538,02/15/22 04:45:00 AM,,0.0,,,
6539,02/15/22 04:50:00 AM,,0.0,,,
6540,02/15/22 04:55:00 AM,,0.2,,,
6541,02/15/22 05:00:00 AM,5.655,0.0,,,
6542,02/15/22 05:05:00 AM,,0.0,,,
6543,02/15/22 05:10:00 AM,,0.0,,,
6544,02/15/22 05:15:00 AM,,0.2,,,
6545,02/15/22 05:20:00 AM,,0.2,,,
6546,02/15/22 05:25:00 AM,,0.0,,,
6547,02/15/22 05:30:00 AM,4.831,0.0,,,
6548,02/15/22 05:35:00 AM,,0.0,,,
6549,02/15/22 05:40:00 AM,,0.0,,,
6550,02/15/22 05:45:00 AM,,0.0,,,
6551,02/15/22 05:50:00 AM,,0.0,,,
6552,02/15/22 05:55:00 AM,,0.0,,,
6553,02/15/22 06:00:00 AM,4.831,0.0,,,
6554,02/15/22 06:05:00 AM,,0.0,,,
6555,02/15/22 06:10:00 AM,,0.0,,,
6556,02/15/22 06:15:00 AM,,0.0,,,
6557,02/15/22 06:20:00 AM,,0.0,,,
6558,02/15/22 06:25:00 AM,,0.0,,,
6559,02/15/22 06:30:00 AM,5.141,0.0,,,
6560,02/15/22 06:35:00 AM,,0.0,,,
6561,02/15/22 06:40:00 AM,,0.0,,,
6562,02/15/22 06:45:00 AM,,0.0,,,
6563,02/15/22 06:50:00 AM,,0.0,,,
6564,02/15/22 06:55:00 AM,,0.0,,,
6565,02/15/22 07:00:00 AM,5.244,0.0,,,
6566,02/15/22 07:05:00 AM,,0.0,,,
6567,02/15/22 07:10:00 AM,,0.0,,,
6568,02/15/22 07:15:00 AM,,0.0,,,
6569,02/15/22 07:20:00 AM,,0.0,,,
6570,02/15/22 07:25:00 AM,,0.0,,,
6571,02/15/22 07:30:00 AM,4.934,0.0,,,
6572,02/15/22 07:35:00 AM,,0.0,,,
6573,02/15/22 07:40:00 AM,,0.0,,,
6574,02/15/22 07:45:00 AM,,0.0,,,
6575,02/15/22 07:50:00 AM,,0.0,,,
6576,02/15/22 07:55:00 AM,,0.0,,,
6577,02/15/22 08:00:00 AM,4.831,0.0,,,
6578,02/15/22 08:05:00 AM,,0.0,,,
6579,02/15/22 08:10:00 AM,,0.0,,,
6580,02/15/22 08:15:00 AM,,0.0,,,
6581,02/15/22 08:20:00 AM,,0.0,,,
6582,02/15/22 08:25:00 AM,,0.0,,,
6583,02/15/22 08:30:00 AM,4.934,0.0,,,
6584,02/15/22 08:35:00 AM,,0.0,,,
6585,02/15/22 08:40:00 AM,,0.0,,,
6586,02/15/22 08:45:00 AM,,0.0,,,
6587,02/15/22 08:50:00 AM,,0.0,,,
6588,02/15/22 08:55:00 AM,,0.0,,,
6589,02/15/22 09:00:00 AM,4.934,0.0,,,
6590,02/15/22 09:05:00 AM,,0.0,,,
6591,02/15/22 09:10:00 AM,,0.0,,,
6592,02/15/22 09:15:00 AM,,0.0,,,
6593,02/15/22 09:20:00 AM,,0.0,,,
6594,02/15/22 09:25:00 AM,,0.0,,,
6595,02/15/22 09:30:00 AM,5.244,0.0,,,
6596,02/15/22 09:35:00 AM,,0.0,,,
6597,02/15/22 09:40:00 AM,,0.0,,,
6598,02/15/22 09:45:00 AM,,0.0,,,
6599,02/15/22 09:50:00 AM,,0.0,,,
6600,02/15/22 09:55:00 AM,,0.0,,,
6601,02/15/22 10:00:00 AM,5.347,0.0,,,
6602,02/15/22 10:05:00 AM,,0.0,,,
6603,02/15/22 10:10:00 AM,,0.0,,,
6604,02/15/22 10:15:00 AM,,0.0,,,
6605,02/15/22 10:20:00 AM,,0.0,,,
6606,02/15/22 10:25:00 AM,,0.0,,,
6607,02/15/22 10:30:00 AM,5.655,0.0,,,
6608,02/15/22 10:35:00 AM,,0.0,,,
6609,02/15/22 10:40:00 AM,,0.0,,,
6610,02/15/22 10:45:00 AM,,0.0,,,
6611,02/15/22 10:50:00 AM,,0.0,,,
6612,02/15/22 10:55:00 AM,,0.0,,,
6613,02/15/22 11:00:00 AM,5.655,0.0,,,
6614,02/15/22 11:05:00 AM,,0.0,,,
6615,02/15/22 11:10:00 AM,,0.0,,,
6616,02/15/22 11:15:00 AM,,0.0,,,
6617,02/15/22 11:20:00 AM,,0.4,,,
6618,02/15/22 11:25:00 AM,,0.0,,,
6619,02/15/22 11:30:00 AM,5.244,0.0,,,
6620,02/15/22 11:35:00 AM,,0.0,,,
6621,02/15/22 11:40:00 AM,,0.0,,,
6622,02/15/22 11:45:00 AM,,0.0,,,
6623,02/15/22 11:50:00 AM,,0.0,,,
6624,02/15/22 11:55:00 AM,,0.0,,,
6625,02/15/22 12:00:00 PM,5.552,0.0,,,
6626,02/15/22 12:05:00 PM,,0.0,,,
6627,02/15/22 12:10:00 PM,,0.0,,,
6628,02/15/22 12:15:00 PM,,0.0,,,
6629,02/15/22 12:20:00 PM,,0.0,,,
6630,02/15/22 12:25:00 PM,,0.0,,,
6631,02/15/22 12:30:00 PM,5.757,0.0,,,
6632,02/15/22 12:35:00 PM,,0.0,,,
6633,02/15/22 12:40:00 PM,,0.0,,,
6634,02/15/22 12:45:00 PM,,0.0,,,
6635,02/15/22 12:50:00 PM,,0.0,,,
6636,02/15/22 12:55:00 PM,,0.0,,,
6637,02/15/22 01:00:00 PM,5.962,0.0,,,
6638,02/15/22 01:05:00 PM,,0.0,,,
6639,02/15/22 01:10:00 PM,,0.0,,,
6640,02/15/22 01:15:00 PM,,0.0,,,
6641,02/15/22 01:20:00 PM,,0.0,,,
6642,02/15/22 01:25:00 PM,,0.0,,,
6643,02/15/22 01:30:00 PM,5.962,0.0,,,
6644,02/15/22 01:35:00 PM,,0.0,,,
6645,02/15/22 01:40:00 PM,,0.0,,,
6646,02/15/22 01:45:00 PM,,0.0,,,
6647,02/15/22 01:50:00 PM,,0.0,,,
6648,02/15/22 01:55:00 PM,,0.0,,,
6649,02/15/22 02:00:00 PM,5.655,0.0,,,
6650,02/15/22 02:05:00 PM,,0.0,,,
6651,02/15/22 02:10:00 PM,,0.0,,,
6652,02/15/22 02:15:00 PM,,0.0,,,
6653,02/15/22 02:20:00 PM,,0.0,,,
6654,02/15/22 02:25:00 PM,,0.0,,,
6655,02/15/22 02:30:00 PM,5.655,0.0,,,
6656,02/15/22 02:35:00 PM,,0.0,,,
6657,02/15/22 02:40:00 PM,,0.0,,,
6658,02/15/22 02:45:00 PM,,0.0,,,
6659,02/15/22 02:50:00 PM,,0.0,,,
6660,02/15/22 02:55:00 PM,,0.0,,,
6661,02/15/22 03:00:00 PM,7.079,0.0,,,
6662,02/15/22 03:05:00 PM,,0.0,,,
6663,02/15/22 03:10:00 PM,,0.0,,,
6664,02/15/22 03:15:00 PM,,0.0,,,
6665,02/15/22 03:20:00 PM,,0.0,,,
6666,02/15/22 03:25:00 PM,,0.0,,,
6667,02/15/22 03:30:00 PM,6.674,0.0,,,
6668,02/15/22 03:35:00 PM,,0.0,,,
6669,02/15/22 03:40:00 PM,,0.0,,,
6670,02/15/22 03:45:00 PM,,0.0,,,
6671,02/15/22 03:50:00 PM,,0.0,,,
6672,02/15/22 03:55:00 PM,,0.0,,,
6673,02/15/22 04:00:00 PM,5.962,0.0,,,
6674,02/15/22 04:05:00 PM,,0.0,,,
6675,02/15/22 04:10:00 PM,,0.0,,,
6676,02/15/22 04:15:00 PM,,0.0,,,
6677,02/15/22 04:20:00 PM,,0.0,,,
6678,02/15/22 04:25:00 PM,,0.0,,,
6679,02/15/22 04:30:00 PM,8.082,0.0,,,
6680,02/15/22 04:35:00 PM,,0.0,,,
6681,02/15/22 04:40:00 PM,,0.0,,,
6682,02/15/22 04:45:00 PM,,0.0,,,
6683,02/15/22 04:50:00 PM,,0.0,,,
6684,02/15/22 04:55:00 PM,,0.0,,,
6685,02/15/22 05:00:00 PM,5.244,0.0,,,
6686,02/15/22 05:05:00 PM,,0.0,,,
6687,02/15/22 05:10:00 PM,,0.0,,,
6688,02/15/22 05:15:00 PM,,0.0,,,
6689,02/15/22 05:20:00 PM,,0.0,,,
6690,02/15/22 05:25:00 PM,,0.0,,,
6691,02/15/22 05:30:00 PM,4.623,0.0,,,
6692,02/15/22 05:35:00 PM,,0.0,,,
6693,02/15/22 05:40:00 PM,,0.0,,,
6694,02/15/22 05:45:00 PM,,0.0,,,
6695,02/15/22 05:50:00 PM,,0.0,,,
6696,02/15/22 05:55:00 PM,,0.0,,,
6697,02/15/22 06:00:00 PM,4.623,0.0,,,
6698,02/15/22 06:05:00 PM,,0.0,,,
6699,02/15/22 06:10:00 PM,,0.0,,,
6700,02/15/22 06:15:00 PM,,0.0,,,
6701,02/15/22 06:20:00 PM,,0.0,,,
6702,02/15/22 06:25:00 PM,,0.0,,,
6703,02/15/22 06:30:00 PM,4.102,0.0,,,
6704,02/15/22 06:35:00 PM,,0.0,,,
6705,02/15/22 06:40:00 PM,,0.0,,,
6706,02/15/22 06:45:00 PM,,0.0,,,
6707,02/15/22 06:50:00 PM,,0.0,,,
6708,02/15/22 06:55:00 PM,,0.0,,,
6709,02/15/22 07:00:00 PM,4.727,0.0,,,
6710,02/15/22 07:05:00 PM,,0.0,,,
6711,02/15/22 07:10:00 PM,,0.0,,,
6712,02/15/22 07:15:00 PM,,0.0,,,
6713,02/15/22 07:20:00 PM,,0.0,,,
6714,02/15/22 07:25:00 PM,,0.0,,,
6715,02/15/22 07:30:00 PM,4.831,0.0,,,
6716,02/15/22 07:35:00 PM,,0.0,,,
6717,02/15/22 07:40:00 PM,,0.0,,,
6718,02/15/22 07:45:00 PM,,0.0,,,
6719,02/15/22 07:50:00 PM,,0.0,,,
6720,02/15/22 07:55:00 PM,,0.0,,,
6721,02/15/22 08:00:00 PM,4.934,0.0,,,
6722,02/15/22 08:05:00 PM,,0.0,,,
6723,02/15/22 08:10:00 PM,,0.0,,,
6724,02/15/22 08:15:00 PM,,0.0,,,
6725,02/15/22 08:20:00 PM,,0.0,,,
6726,02/15/22 08:25:00 PM,,0.0,,,
6727,02/15/22 08:30:00 PM,5.141,0.0,,,
6728,02/15/22 08:35:00 PM,,0.0,,,
6729,02/15/22 08:40:00 PM,,0.0,,,
6730,02/15/22 08:45:00 PM,,0.0,,,
6731,02/15/22 08:50:00 PM,,0.0,,,
6732,02/15/22 08:55:00 PM,,0.0,,,
6733,02/15/22 09:00:00 PM,5.244,0.0,,,
6734,02/15/22 09:05:00 PM,,0.0,,,
6735,02/15/22 09:10:00 PM,,0.0,,,
6736,02/15/22 09:15:00 PM,,0.0,,,
6737,02/15/22 09:20:00 PM,,0.0,,,
6738,02/15/22 09:25:00 PM,,0.0,,,
6739,02/15/22 09:30:00 PM,5.141,0.0,,,
6740,02/15/22 09:35:00 PM,,0.0,,,
6741,02/15/22 09:40:00 PM,,0.0,,,
6742,02/15/22 09:45:00 PM,,0.0,,,
6743,02/15/22 09:50:00 PM,,0.0,,,
6744,02/15/22 09:55:00 PM,,0.0,,,
6745,02/15/22 10:00:00 PM,5.552,0.0,,,
6746,02/15/22 10:05:00 PM,,0.0,,,
6747,02/15/22 10:10:00 PM,,0.0,,,
6748,02/15/22 10:15:00 PM,,0.0,,,
6749,02/15/22 10:20:00 PM,,0.0,,,
6750,02/15/22 10:25:00 PM,,0.0,,,
6751,02/15/22 10:30:00 PM,5.655,0.0,,,
6752,02/15/22 10:35:00 PM,,0.0,,,
6753,02/15/22 10:40:00 PM,,0.0,,,
6754,02/15/22 10:45:00 PM,,0.0,,,
6755,02/15/22 10:50:00 PM,,0.0,,,
6756,02/15/22 10:55:00 PM,,0.0,,,
6757,02/15/22 11:00:00 PM,5.655,0.0,,,
6758,02/15/22 11:05:00 PM,,0.0,,,
6759,02/15/22 11:10:00 PM,,0.0,,,
6760,02/15/22 11:15:00 PM,,0.0,,,
6761,02/15/22 11:20:00 PM,,0.0,,,
6762,02/15/22 11:25:00 PM,,0.0,,,
6763,02/15/22 11:30:00 PM,5.655,0.0,,,
6764,02/15/22 11:35:00 PM,,0.0,,,
6765,02/15/22 11:40:00 PM,,0.0,,,
6766,02/15/22 11:45:00 PM,,0.0,,,
6767,02/15/22 11:50:00 PM,,0.0,,,
6768,02/15/22 11:55:00 PM,,0.0,,,
6769,02/16/22 12:00:00 AM,5.655,0.0,,,
6770,02/16/22 12:05:00 AM,,0.0,,,
6771,02/16/22 12:10:00 AM,,0.2,,,
6772,02/16/22 12:15:00 AM,,0.0,,,
6773,02/16/22 12:20:00 AM,,0.0,,,
6774,02/16/22 12:25:00 AM,,0.0,,,
6775,02/16/22 12:30:00 AM,5.450,0.0,,,
6776,02/16/22 12:35:00 AM,,0.0,,,
6777,02/16/22 12:40:00 AM,,0.0,,,
6778,02/16/22 12:45:00 AM,,0.0,,,
6779,02/16/22 12:50:00 AM,,0.0,,,
6780,02/16/22 12:55:00 AM,,0.0,,,
6781,02/16/22 01:00:00 AM,5.860,0.0,,,
6782,02/16/22 01:05:00 AM,,0.0,,,
6783,02/16/22 01:10:00 AM,,0.0,,,
6784,02/16/22 01:15:00 AM,,0.0,,,
6785,02/16/22 01:20:00 AM,,0.2,,,
6786,02/16/22 01:25:00 AM,,0.0,,,
6787,02/16/22 01:30:00 AM,5.141,0.0,,,
6788,02/16/22 01:35:00 AM,,0.0,,,
6789,02/16/22 01:40:00 AM,,0.0,,,
6790,02/16/22 01:45:00 AM,,0.2,,,
6791,02/16/22 01:50:00 AM,,0.0,,,
6792,02/16/22 01:55:00 AM,,0.0,,,
6793,02/16/22 02:00:00 AM,4.934,0.2,,,
6794,02/16/22 02:05:00 AM,,0.0,,,
6795,02/16/22 02:10:00 AM,,0.0,,,
6796,02/16/22 02:15:00 AM,,0.2,,,
6797,02/16/22 02:20:00 AM,,0.0,,,
6798,02/16/22 02:25:00 AM,,0.0,,,
6799,02/16/22 02:30:00 AM,4.623,0.2,,,
6800,02/16/22 02:35:00 AM,,0.0,,,
6801,02/16/22 02:40:00 AM,,0.0,,,
6802,02/16/22 02:45:00 AM,,0.0,,,
6803,02/16/22 02:50:00 AM,,0.0,,,
6804,02/16/22 02:55:00 AM,,0.0,,,
6805,02/16/22 03:00:00 AM,4.727,0.2,,,
6806,02/16/22 03:05:00 AM,,0.0,,,
6807,02/16/22 03:10:00 AM,,0.0,,,
6808,02/16/22 03:15:00 AM,,0.0,,,
6809,02/16/22 03:20:00 AM,,0.2,,,
6810,02/16/22 03:25:00 AM,,0.0,,,
6811,02/16/22 03:30:00 AM,4.623,0.0,,,
6812,02/16/22 03:35:00 AM,,0.2,,,
6813,02/16/22 03:40:00 AM,,0.0,,,
6814,02/16/22 03:45:00 AM,,0.2,,,
6815,02/16/22 03:50:00 AM,,0.0,,,
6816,02/16/22 03:55:00 AM,,0.0,,,
6817,02/16/22 04:00:00 AM,4.727,0.2,,,
6818,02/16/22 04:05:00 AM,,0.0,,,
6819,02/16/22 04:10:00 AM,,0.2,,,
6820,02/16/22 04:15:00 AM,,0.0,,,
6821,02/16/22 04:20:00 AM,,0.2,,,
6822,02/16/22 04:25:00 AM,,0.0,,,
6823,02/16/22 04:30:00 AM,5.037,0.2,,,
6824,02/16/22 04:35:00 AM,,0.0,,,
6825,02/16/22 04:40:00 AM,,0.0,,,
6826,02/16/22 04:45:00 AM,,0.0,,,
6827,02/16/22 04:50:00 AM,,0.2,,,
6828,02/16/22 04:55:00 AM,,0.0,,,
6829,02/16/22 05:00:00 AM,5.244,0.0,,,
6830,02/16/22 05:05:00 AM,,0.0,,,
6831,02/16/22 05:10:00 AM,,0.0,,,
6832,02/16/22 05:15:00 AM,,0.0,,,
6833,02/16/22 05:20:00 AM,,0.2,,,
6834,02/16/22 05:25:00 AM,,0.0,,,
6835,02/16/22 05:30:00 AM,5.552,0.0,,,
6836,02/16/22 05:35:00 AM,,0.0,,,
6837,02/16/22 05:40:00 AM,,0.0,,,
6838,02/16/22 05:45:00 AM,,0.2,,,
6839,02/16/22 05:50:00 AM,,0.0,,,
6840,02/16/22 05:55:00 AM,,0.0,,,
6841,02/16/22 06:00:00 AM,5.655,0.0,,,
6842,02/16/22 06:05:00 AM,,0.0,,,
6843,02/16/22 06:10:00 AM,,0.0,,,
6844,02/16/22 06:15:00 AM,,0.2,,,
6845,02/16/22 06:20:00 AM,,0.0,,,
6846,02/16/22 06:25:00 AM,,0.0,,,
6847,02/16/22 06:30:00 AM,5.757,0.0,,,
6848,02/16/22 06:35:00 AM,,0.2,,,
6849,02/16/22 06:40:00 AM,,0.0,,,
6850,02/16/22 06:45:00 AM,,0.2,,,
6851,02/16/22 06:50:00 AM,,0.0,,,
6852,02/16/22 06:55:00 AM,,0.0,,,
6853,02/16/22 07:00:00 AM,5.655,0.0,,,
6854,02/16/22 07:05:00 AM,,0.0,,,
6855,02/16/22 07:10:00 AM,,0.0,,,
6856,02/16/22 07:15:00 AM,,0.2,,,
6857,02/16/22 07:20:00 AM,,0.0,,,
6858,02/16/22 07:25:00 AM,,0.2,,,
6859,02/16/22 07:30:00 AM,5.860,0.0,,,
6860,02/16/22 07:35:00 AM,,0.0,,,
6861,02/16/22 07:40:00 AM,,0.0,,,
6862,02/16/22 07:45:00 AM,,0.2,,,
6863,02/16/22 07:50:00 AM,,0.0,,,
6864,02/16/22 07:55:00 AM,,0.0,,,
6865,02/16/22 08:00:00 AM,6.166,0.0,,,
6866,02/16/22 08:05:00 AM,,0.2,,,
6867,02/16/22 08:10:00 AM,,0.2,,,
6868,02/16/22 08:15:00 AM,,0.0,,,
6869,02/16/22 08:20:00 AM,,0.0,,,
6870,02/16/22 08:25:00 AM,,0.2,,,
6871,02/16/22 08:30:00 AM,6.370,0.0,,,
6872,02/16/22 08:35:00 AM,,0.2,,,
6873,02/16/22 08:40:00 AM,,0.0,,,
6874,02/16/22 08:45:00 AM,,0.0,,,
6875,02/16/22 08:50:00 AM,,0.2,,,
6876,02/16/22 08:55:00 AM,,0.0,,,
6877,02/16/22 09:00:00 AM,6.877,0.0,,,
6878,02/16/22 09:05:00 AM,,0.0,,,
6879,02/16/22 09:10:00 AM,,0.0,,,
6880,02/16/22 09:15:00 AM,,0.0,,,
6881,02/16/22 09:20:00 AM,,0.0,,,
6882,02/16/22 09:25:00 AM,,0.0,,,
6883,02/16/22 09:30:00 AM,7.481,0.0,,,
6884,02/16/22 09:35:00 AM,,0.0,,,
6885,02/16/22 09:40:00 AM,,0.0,,,
6886,02/16/22 09:45:00 AM,,0.0,,,
6887,02/16/22 09:50:00 AM,,0.0,,,
6888,02/16/22 09:55:00 AM,,0.0,,,
6889,02/16/22 10:00:00 AM,8.182,0.0,,,
6890,02/16/22 10:05:00 AM,,0.0,,,
6891,02/16/22 10:10:00 AM,,0.0,,,
6892,02/16/22 10:15:00 AM,,0.0,,,
6893,02/16/22 10:20:00 AM,,0.0,,,
6894,02/16/22 10:25:00 AM,,0.0,,,
6895,02/16/22 10:30:00 AM,8.282,0.0,,,
6896,02/16/22 10:35:00 AM,,0.0,,,
6897,02/16/22 10:40:00 AM,,0.0,,,
6898,02/16/22 10:45:00 AM,,0.0,,,
6899,02/16/22 10:50:00 AM,,0.0,,,
6900,02/16/22 10:55:00 AM,,0.0,,,
6901,02/16/22 11:00:00 AM,8.581,0.0,,,
6902,02/16/22 11:05:00 AM,,0.0,,,
6903,02/16/22 11:10:00 AM,,0.0,,,
6904,02/16/22 11:15:00 AM,,0.0,,,
6905,02/16/22 11:20:00 AM,,0.0,,,
6906,02/16/22 11:25:00 AM,,0.0,,,
6907,02/16/22 11:30:00 AM,8.481,0.0,,,
6908,02/16/22 11:35:00 AM,,0.0,,,
6909,02/16/22 11:40:00 AM,,0.0,,,
6910,02/16/22 11:45:00 AM,,0.0,,,
6911,02/16/22 11:50:00 AM,,0.2,,,
6912,02/16/22 11:55:00 AM,,0.0,,,
6913,02/16/22 12:00:00 PM,8.481,0.2,,,
6914,02/16/22 12:05:00 PM,,0.0,,,
6915,02/16/22 12:10:00 PM,,0.0,,,
6916,02/16/22 12:15:00 PM,,0.2,,,
6917,02/16/22 12:20:00 PM,,0.0,,,
6918,02/16/22 12:25:00 PM,,0.0,,,
6919,02/16/22 12:30:00 PM,8.581,0.0,,,
6920,02/16/22 12:35:00 PM,,0.0,,,
6921,02/16/22 12:40:00 PM,,0.0,,,
6922,02/16/22 12:45:00 PM,,0.0,,,
6923,02/16/22 12:50:00 PM,,0.0,,,
6924,02/16/22 12:55:00 PM,,0.0,,,
6925,02/16/22 01:00:00 PM,8.879,0.0,,,
6926,02/16/22 01:05:00 PM,,0.0,,,
6927,02/16/22 01:10:00 PM,,0.0,,,
6928,02/16/22 01:15:00 PM,,0.0,,,
6929,02/16/22 01:20:00 PM,,0.0,,,
6930,02/16/22 01:25:00 PM,,0.0,,,
6931,02/16/22 01:30:00 PM,8.879,0.0,,,
6932,02/16/22 01:35:00 PM,,0.0,,,
6933,02/16/22 01:40:00 PM,,0.0,,,
6934,02/16/22 01:45:00 PM,,0.0,,,
6935,02/16/22 01:50:00 PM,,0.0,,,
6936,02/16/22 01:55:00 PM,,0.0,,,
6937,02/16/22 02:00:00 PM,9.571,0.0,,,
6938,02/16/22 02:05:00 PM,,0.0,,,
6939,02/16/22 02:10:00 PM,,0.0,,,
6940,02/16/22 02:15:00 PM,,0.0,,,
6941,02/16/22 02:20:00 PM,,0.2,,,
6942,02/16/22 02:25:00 PM,,0.0,,,
6943,02/16/22 02:30:00 PM,9.176,0.0,,,
6944,02/16/22 02:35:00 PM,,0.0,,,
6945,02/16/22 02:40:00 PM,,0.0,,,
6946,02/16/22 02:45:00 PM,,0.0,,,
6947,02/16/22 02:50:00 PM,,0.0,,,
6948,02/16/22 02:55:00 PM,,0.0,,,
6949,02/16/22 03:00:00 PM,9.077,0.0,,,
6950,02/16/22 03:05:00 PM,,0.0,,,
6951,02/16/22 03:10:00 PM,,0.0,,,
6952,02/16/22 03:15:00 PM,,0.0,,,
6953,02/16/22 03:20:00 PM,,0.0,,,
6954,02/16/22 03:25:00 PM,,0.0,,,
6955,02/16/22 03:30:00 PM,9.768,0.0,,,
6956,02/16/22 03:35:00 PM,,0.0,,,
6957,02/16/22 03:40:00 PM,,0.0,,,
6958,02/16/22 03:45:00 PM,,0.0,,,
6959,02/16/22 03:50:00 PM,,0.0,,,
6960,02/16/22 03:55:00 PM,,0.0,,,
6961,02/16/22 04:00:00 PM,10.063,0.0,,,
6962,02/16/22 04:05:00 PM,,0.0,,,
6963,02/16/22 04:10:00 PM,,0.0,,,
6964,02/16/22 04:15:00 PM,,0.0,,,
6965,02/16/22 04:20:00 PM,,0.0,,,
6966,02/16/22 04:25:00 PM,,0.0,,,
6967,02/16/22 04:30:00 PM,10.357,0.0,,,
6968,02/16/22 04:35:00 PM,,0.0,,,
6969,02/16/22 04:40:00 PM,,0.0,,,
6970,02/16/22 04:45:00 PM,,0.0,,,
6971,02/16/22 04:50:00 PM,,0.0,,,
6972,02/16/22 04:55:00 PM,,0.0,,,
6973,02/16/22 05:00:00 PM,9.965,0.0,,,
6974,02/16/22 05:05:00 PM,,0.0,,,
6975,02/16/22 05:10:00 PM,,0.0,,,
6976,02/16/22 05:15:00 PM,,0.0,,,
6977,02/16/22 05:20:00 PM,,0.0,,,
6978,02/16/22 05:25:00 PM,,0.0,,,
6979,02/16/22 05:30:00 PM,10.259,0.0,,,
6980,02/16/22 05:35:00 PM,,0.0,,,
6981,02/16/22 05:40:00 PM,,0.0,,,
6982,02/16/22 05:45:00 PM,,0.0,,,
6983,02/16/22 05:50:00 PM,,0.0,,,
6984,02/16/22 05:55:00 PM,,0.0,,,
6985,02/16/22 06:00:00 PM,10.748,0.0,,,
6986,02/16/22 06:05:00 PM,,0.0,,,
6987,02/16/22 06:10:00 PM,,0.0,,,
6988,02/16/22 06:15:00 PM,,0.0,,,
6989,02/16/22 06:20:00 PM,,0.0,,,
6990,02/16/22 06:25:00 PM,,0.0,,,
6991,02/16/22 06:30:00 PM,10.944,0.0,,,
6992,02/16/22 06:35:00 PM,,0.0,,,
6993,02/16/22 06:40:00 PM,,0.0,,,
6994,02/16/22 06:45:00 PM,,0.0,,,
6995,02/16/22 06:50:00 PM,,0.0,,,
6996,02/16/22 06:55:00 PM,,0.0,,,
6997,02/16/22 07:00:00 PM,11.139,0.0,,,
6998,02/16/22 07:05:00 PM,,0.0,,,
6999,02/16/22 07:10:00 PM,,0.0,,,
7000,02/16/22 07:15:00 PM,,0.0,,,
7001,02/16/22 07:20:00 PM,,0.0,,,
7002,02/16/22 07:25:00 PM,,0.0,,,
7003,02/16/22 07:30:00 PM,10.748,0.0,,,
7004,02/16/22 07:35:00 PM,,0.0,,,
7005,02/16/22 07:40:00 PM,,0.0,,,
7006,02/16/22 07:45:00 PM,,0.0,,,
7007,02/16/22 07:50:00 PM,,0.2,,,
7008,02/16/22 07:55:00 PM,,0.0,,,
7009,02/16/22 08:00:00 PM,10.846,0.2,,,
7010,02/16/22 08:05:00 PM,,0.0,,,
7011,02/16/22 08:10:00 PM,,0.0,,,
7012,02/16/22 08:15:00 PM,,0.0,,,
7013,02/16/22 08:20:00 PM,,0.0,,,
7014,02/16/22 08:25:00 PM,,0.0,,,
7015,02/16/22 08:30:00 PM,11.236,0.0,,,
7016,02/16/22 08:35:00 PM,,0.0,,,
7017,02/16/22 08:40:00 PM,,0.0,,,
7018,02/16/22 08:45:00 PM,,0.0,,,
7019,02/16/22 08:50:00 PM,,0.0,,,
7020,02/16/22 08:55:00 PM,,0.0,,,
7021,02/16/22 09:00:00 PM,11.236,0.0,,,
7022,02/16/22 09:05:00 PM,,0.0,,,
7023,02/16/22 09:10:00 PM,,0.0,,,
7024,02/16/22 09:15:00 PM,,0.0,,,
7025,02/16/22 09:20:00 PM,,0.0,,,
7026,02/16/22 09:25:00 PM,,0.0,,,
7027,02/16/22 09:30:00 PM,11.528,0.0,,,
7028,02/16/22 09:35:00 PM,,0.0,,,
7029,02/16/22 09:40:00 PM,,0.0,,,
7030,02/16/22 09:45:00 PM,,0.0,,,
7031,02/16/22 09:50:00 PM,,0.0,,,
7032,02/16/22 09:55:00 PM,,0.0,,,
7033,02/16/22 10:00:00 PM,11.625,0.0,,,
7034,02/16/22 10:05:00 PM,,0.0,,,
7035,02/16/22 10:10:00 PM,,0.2,,,
7036,02/16/22 10:15:00 PM,,0.0,,,
7037,02/16/22 10:20:00 PM,,0.0,,,
7038,02/16/22 10:25:00 PM,,0.0,,,
7039,02/16/22 10:30:00 PM,11.431,0.0,,,
7040,02/16/22 10:35:00 PM,,0.0,,,
7041,02/16/22 10:40:00 PM,,0.0,,,
7042,02/16/22 10:45:00 PM,,0.0,,,
7043,02/16/22 10:50:00 PM,,0.0,,,
7044,02/16/22 10:55:00 PM,,0.0,,,
7045,02/16/22 11:00:00 PM,12.013,0.0,,,
7046,02/16/22 11:05:00 PM,,0.0,,,
7047,02/16/22 11:10:00 PM,,0.0,,,
7048,02/16/22 11:15:00 PM,,0.0,,,
7049,02/16/22 11:20:00 PM,,0.0,,,
7050,02/16/22 11:25:00 PM,,0.0,,,
7051,02/16/22 11:30:00 PM,12.110,0.0,,,
7052,02/16/22 11:35:00 PM,,0.0,,,
7053,02/16/22 11:40:00 PM,,0.0,,,
7054,02/16/22 11:45:00 PM,,0.0,,,
7055,02/16/22 11:50:00 PM,,0.0,,,
7056,02/16/22 11:55:00 PM,,0.0,,,
7057,02/17/22 12:00:00 AM,12.207,0.0,,,
7058,02/17/22 12:05:00 AM,,0.0,,,
7059,02/17/22 12:10:00 AM,,0.0,,,
7060,02/17/22 12:15:00 AM,,0.0,,,
7061,02/17/22 12:20:00 AM,,0.0,,,
7062,02/17/22 12:25:00 AM,,0.0,,,
7063,02/17/22 12:30:00 AM,12.401,0.0,,,
7064,02/17/22 12:35:00 AM,,0.0,,,
7065,02/17/22 12:40:00 AM,,0.0,,,
7066,02/17/22 12:45:00 AM,,0.0,,,
7067,02/17/22 12:50:00 AM,,0.0,,,
7068,02/17/22 12:55:00 AM,,0.0,,,
7069,02/17/22 01:00:00 AM,12.401,0.0,,,
7070,02/17/22 01:05:00 AM,,0.0,,,
7071,02/17/22 01:10:00 AM,,0.2,,,
7072,02/17/22 01:15:00 AM,,0.0,,,
7073,02/17/22 01:20:00 AM,,0.0,,,
7074,02/17/22 01:25:00 AM,,0.0,,,
7075,02/17/22 01:30:00 AM,12.207,0.0,,,
7076,02/17/22 01:35:00 AM,,0.0,,,
7077,02/17/22 01:40:00 AM,,0.0,,,
7078,02/17/22 01:45:00 AM,,0.0,,,
7079,02/17/22 01:50:00 AM,,0.0,,,
7080,02/17/22 01:55:00 AM,,0.0,,,
7081,02/17/22 02:00:00 AM,12.013,0.0,,,
7082,02/17/22 02:05:00 AM,,0.0,,,
7083,02/17/22 02:10:00 AM,,0.0,,,
7084,02/17/22 02:15:00 AM,,0.2,,,
7085,02/17/22 02:20:00 AM,,0.0,,,
7086,02/17/22 02:25:00 AM,,0.0,,,
7087,02/17/22 02:30:00 AM,11.625,0.0,,,
7088,02/17/22 02:35:00 AM,,0.0,,,
7089,02/17/22 02:40:00 AM,,0.0,,,
7090,02/17/22 02:45:00 AM,,0.0,,,
7091,02/17/22 02:50:00 AM,,0.0,,,
7092,02/17/22 02:55:00 AM,,0.0,,,
7093,02/17/22 03:00:00 AM,11.722,0.0,,,
7094,02/17/22 03:05:00 AM,,0.0,,,
7095,02/17/22 03:10:00 AM,,0.0,,,
7096,02/17/22 03:15:00 AM,,0.0,,,
7097,02/17/22 03:20:00 AM,,0.0,,,
7098,02/17/22 03:25:00 AM,,0.0,,,
7099,02/17/22 03:30:00 AM,11.916,0.0,,,
7100,02/17/22 03:35:00 AM,,0.0,,,
7101,02/17/22 03:40:00 AM,,0.0,,,
7102,02/17/22 03:45:00 AM,,0.0,,,
7103,02/17/22 03:50:00 AM,,0.0,,,
7104,02/17/22 03:55:00 AM,,0.0,,,
7105,02/17/22 04:00:00 AM,12.110,0.0,,,
7106,02/17/22 04:05:00 AM,,0.0,,,
7107,02/17/22 04:10:00 AM,,0.0,,,
7108,02/17/22 04:15:00 AM,,0.0,,,
7109,02/17/22 04:20:00 AM,,0.0,,,
7110,02/17/22 04:25:00 AM,,0.0,,,
7111,02/17/22 04:30:00 AM,12.690,0.0,,,
7112,02/17/22 04:35:00 AM,,0.0,,,
7113,02/17/22 04:40:00 AM,,0.0,,,
7114,02/17/22 04:45:00 AM,,0.0,,,
7115,02/17/22 04:50:00 AM,,0.0,,,
7116,02/17/22 04:55:00 AM,,0.0,,,
7117,02/17/22 05:00:00 AM,12.690,0.0,,,
7118,02/17/22 05:05:00 AM,,0.0,,,
7119,02/17/22 05:10:00 AM,,0.4,,,
7120,02/17/22 05:15:00 AM,,1.2,,,
7121,02/17/22 05:20:00 AM,,1.4,,,
7122,02/17/22 05:25:00 AM,,0.4,,,
7123,02/17/22 05:30:00 AM,10.553,0.0,,,
7124,02/17/22 05:35:00 AM,,0.0,,,
7125,02/17/22 05:40:00 AM,,0.0,,,
7126,02/17/22 05:45:00 AM,,0.0,,,
7127,02/17/22 05:50:00 AM,,0.0,,,
7128,02/17/22 05:55:00 AM,,0.0,,,
7129,02/17/22 06:00:00 AM,10.748,0.0,,,
7130,02/17/22 06:05:00 AM,,0.0,,,
7131,02/17/22 06:10:00 AM,,0.2,,,
7132,02/17/22 06:15:00 AM,,0.0,,,
7133,02/17/22 06:20:00 AM,,0.0,,,
7134,02/17/22 06:25:00 AM,,0.0,,,
7135,02/17/22 06:30:00 AM,10.259,0.0,,,
7136,02/17/22 06:35:00 AM,,0.0,,,
7137,02/17/22 06:40:00 AM,,0.0,,,
7138,02/17/22 06:45:00 AM,,0.0,,,
7139,02/17/22 06:50:00 AM,,0.0,,,
7140,02/17/22 06:55:00 AM,,0.0,,,
7141,02/17/22 07:00:00 AM,10.161,0.0,,,
7142,02/17/22 07:05:00 AM,,0.0,,,
7143,02/17/22 07:10:00 AM,,0.0,,,
7144,02/17/22 07:15:00 AM,,0.0,,,
7145,02/17/22 07:20:00 AM,,0.0,,,
7146,02/17/22 07:25:00 AM,,0.0,,,
7147,02/17/22 07:30:00 AM,9.669,0.0,,,
7148,02/17/22 07:35:00 AM,,0.0,,,
7149,02/17/22 07:40:00 AM,,0.0,,,
7150,02/17/22 07:45:00 AM,,0.0,,,
7151,02/17/22 07:50:00 AM,,0.2,,,
7152,02/17/22 07:55:00 AM,,0.0,,,
7153,02/17/22 08:00:00 AM,9.768,0.0,,,
7154,02/17/22 08:05:00 AM,,0.0,,,
7155,02/17/22 08:10:00 AM,,0.0,,,
7156,02/17/22 08:15:00 AM,,0.0,,,
7157,02/17/22 08:20:00 AM,,0.0,,,
7158,02/17/22 08:25:00 AM,,0.0,,,
7159,02/17/22 08:30:00 AM,9.866,0.0,,,
7160,02/17/22 08:35:00 AM,,0.0,,,
7161,02/17/22 08:40:00 AM,,0.0,,,
7162,02/17/22 08:45:00 AM,,0.0,,,
7163,02/17/22 08:50:00 AM,,0.0,,,
7164,02/17/22 08:55:00 AM,,0.0,,,
7165,02/17/22 09:00:00 AM,9.768,0.0,,,
7166,02/17/22 09:05:00 AM,,0.0,,,
7167,02/17/22 09:10:00 AM,,0.0,,,
7168,02/17/22 09:15:00 AM,,0.0,,,
7169,02/17/22 09:20:00 AM,,0.0,,,
7170,02/17/22 09:25:00 AM,,0.0,,,
7171,02/17/22 09:30:00 AM,9.866,0.0,,,
7172,02/17/22 09:35:00 AM,,0.0,,,
7173,02/17/22 09:40:00 AM,,0.0,,,
7174,02/17/22 09:45:00 AM,,0.0,,,
7175,02/17/22 09:50:00 AM,,0.0,,,
7176,02/17/22 09:55:00 AM,,0.0,,,
7177,02/17/22 10:00:00 AM,10.063,0.0,,,
7178,02/17/22 10:05:00 AM,,0.0,,,
7179,02/17/22 10:10:00 AM,,0.0,,,
7180,02/17/22 10:15:00 AM,,0.0,,,
7181,02/17/22 10:20:00 AM,,0.0,,,
7182,02/17/22 10:25:00 AM,,0.0,,,
7183,02/17/22 10:30:00 AM,10.259,0.0,,,
7184,02/17/22 10:35:00 AM,,0.0,,,
7185,02/17/22 10:40:00 AM,,0.0,,,
7186,02/17/22 10:45:00 AM,,0.0,,,
7187,02/17/22 10:50:00 AM,,0.0,,,
7188,02/17/22 10:55:00 AM,,0.0,,,
7189,02/17/22 11:00:00 AM,10.357,0.0,,,
7190,02/17/22 11:05:00 AM,,0.0,,,
7191,02/17/22 11:10:00 AM,,0.0,,,
7192,02/17/22 11:15:00 AM,,0.0,,,
7193,02/17/22 11:20:00 AM,,0.0,,,
7194,02/17/22 11:25:00 AM,,0.0,,,
7195,02/17/22 11:30:00 AM,10.357,0.0,,,
7196,02/17/22 11:35:00 AM,,0.0,,,
7197,02/17/22 11:40:00 AM,,0.0,,,
7198,02/17/22 11:45:00 AM,,0.0,,,
7199,02/17/22 11:50:00 AM,,0.0,,,
7200,02/17/22 11:55:00 AM,,0.0,,,
7201,02/17/22 12:00:00 PM,10.357,0.0,,,
7202,02/17/22 12:05:00 PM,,0.0,,,
7203,02/17/22 12:10:00 PM,,0.0,,,
7204,02/17/22 12:15:00 PM,,0.0,,,
7205,02/17/22 12:20:00 PM,,0.0,,,
7206,02/17/22 12:25:00 PM,,0.0,,,
7207,02/17/22 12:30:00 PM,10.357,0.0,,,
7208,02/17/22 12:35:00 PM,,0.0,,,
7209,02/17/22 12:40:00 PM,,0.0,,,
7210,02/17/22 12:45:00 PM,,0.0,,,
7211,02/17/22 12:50:00 PM,,0.0,,,
7212,02/17/22 12:55:00 PM,,0.0,,,
7213,02/17/22 01:00:00 PM,10.748,0.0,,,
7214,02/17/22 01:05:00 PM,,0.0,,,
7215,02/17/22 01:10:00 PM,,0.0,,,
7216,02/17/22 01:15:00 PM,,0.0,,,
7217,02/17/22 01:20:00 PM,,0.0,,,
7218,02/17/22 01:25:00 PM,,0.0,,,
7219,02/17/22 01:30:00 PM,11.041,0.0,,,
7220,02/17/22 01:35:00 PM,,0.0,,,
7221,02/17/22 01:40:00 PM,,0.0,,,
7222,02/17/22 01:45:00 PM,,0.0,,,
7223,02/17/22 01:50:00 PM,,0.0,,,
7224,02/17/22 01:55:00 PM,,0.0,,,
7225,02/17/22 02:00:00 PM,11.236,0.0,,,
7226,02/17/22 02:05:00 PM,,0.0,,,
7227,02/17/22 02:10:00 PM,,0.0,,,
7228,02/17/22 02:15:00 PM,,0.0,,,
7229,02/17/22 02:20:00 PM,,0.0,,,
7230,02/17/22 02:25:00 PM,,0.0,,,
7231,02/17/22 02:30:00 PM,11.334,0.0,,,
7232,02/17/22 02:35:00 PM,,0.0,,,
7233,02/17/22 02:40:00 PM,,0.0,,,
7234,02/17/22 02:45:00 PM,,0.0,,,
7235,02/17/22 02:50:00 PM,,0.0,,,
7236,02/17/22 02:55:00 PM,,0.0,,,
7237,02/17/22 03:00:00 PM,10.944,0.0,,,
7238,02/17/22 03:05:00 PM,,0.0,,,
7239,02/17/22 03:10:00 PM,,0.0,,,
7240,02/17/22 03:15:00 PM,,0.0,,,
7241,02/17/22 03:20:00 PM,,0.0,,,
7242,02/17/22 03:25:00 PM,,0.0,,,
7243,02/17/22 03:30:00 PM,11.236,0.0,,,
7244,02/17/22 03:35:00 PM,,0.0,,,
7245,02/17/22 03:40:00 PM,,0.0,,,
7246,02/17/22 03:45:00 PM,,0.0,,,
7247,02/17/22 03:50:00 PM,,0.0,,,
7248,02/17/22 03:55:00 PM,,0.0,,,
7249,02/17/22 04:00:00 PM,10.259,0.0,,,
7250,02/17/22 04:05:00 PM,,0.0,,,
7251,02/17/22 04:10:00 PM,,0.0,,,
7252,02/17/22 04:15:00 PM,,0.0,,,
7253,02/17/22 04:20:00 PM,,0.0,,,
7254,02/17/22 04:25:00 PM,,0.0,,,
7255,02/17/22 04:30:00 PM,10.063,0.0,,,
7256,02/17/22 04:35:00 PM,,0.0,,,
7257,02/17/22 04:40:00 PM,,0.0,,,
7258,02/17/22 04:45:00 PM,,0.0,,,
7259,02/17/22 04:50:00 PM,,0.0,,,
7260,02/17/22 04:55:00 PM,,0.0,,,
7261,02/17/22 05:00:00 PM,9.571,0.0,,,
7262,02/17/22 05:05:00 PM,,0.0,,,
7263,02/17/22 05:10:00 PM,,0.0,,,
7264,02/17/22 05:15:00 PM,,0.0,,,
7265,02/17/22 05:20:00 PM,,0.0,,,
7266,02/17/22 05:25:00 PM,,0.0,,,
7267,02/17/22 05:30:00 PM,9.472,0.0,,,
7268,02/17/22 05:35:00 PM,,0.0,,,
7269,02/17/22 05:40:00 PM,,0.0,,,
7270,02/17/22 05:45:00 PM,,0.0,,,
7271,02/17/22 05:50:00 PM,,0.0,,,
7272,02/17/22 05:55:00 PM,,0.0,,,
7273,02/17/22 06:00:00 PM,9.472,0.0,,,
7274,02/17/22 06:05:00 PM,,0.0,,,
7275,02/17/22 06:10:00 PM,,0.0,,,
7276,02/17/22 06:15:00 PM,,0.0,,,
7277,02/17/22 06:20:00 PM,,0.0,,,
7278,02/17/22 06:25:00 PM,,0.0,,,
7279,02/17/22 06:30:00 PM,9.373,0.0,,,
7280,02/17/22 06:35:00 PM,,0.0,,,
7281,02/17/22 06:40:00 PM,,0.0,,,
7282,02/17/22 06:45:00 PM,,0.0,,,
7283,02/17/22 06:50:00 PM,,0.0,,,
7284,02/17/22 06:55:00 PM,,0.0,,,
7285,02/17/22 07:00:00 PM,9.077,0.0,,,
7286,02/17/22 07:05:00 PM,,0.0,,,
7287,02/17/22 07:10:00 PM,,0.0,,,
7288,02/17/22 07:15:00 PM,,0.0,,,
7289,02/17/22 07:20:00 PM,,0.0,,,
7290,02/17/22 07:25:00 PM,,0.0,,,
7291,02/17/22 07:30:00 PM,9.077,0.0,,,
7292,02/17/22 07:35:00 PM,,0.0,,,
7293,02/17/22 07:40:00 PM,,0.0,,,
7294,02/17/22 07:45:00 PM,,0.0,,,
7295,02/17/22 07:50:00 PM,,0.0,,,
7296,02/17/22 07:55:00 PM,,0.0,,,
7297,02/17/22 08:00:00 PM,8.978,0.0,,,
7298,02/17/22 08:05:00 PM,,0.0,,,
7299,02/17/22 08:10:00 PM,,0.0,,,
7300,02/17/22 08:15:00 PM,,0.0,,,
7301,02/17/22 08:20:00 PM,,0.0,,,
7302,02/17/22 08:25:00 PM,,0.0,,,
7303,02/17/22 08:30:00 PM,9.077,0.0,,,
7304,02/17/22 08:35:00 PM,,0.0,,,
7305,02/17/22 08:40:00 PM,,0.0,,,
7306,02/17/22 08:45:00 PM,,0.0,,,
7307,02/17/22 08:50:00 PM,,0.0,,,
7308,02/17/22 08:55:00 PM,,0.0,,,
7309,02/17/22 09:00:00 PM,8.978,0.0,,,
7310,02/17/22 09:05:00 PM,,0.0,,,
7311,02/17/22 09:10:00 PM,,0.0,,,
7312,02/17/22 09:15:00 PM,,0.0,,,
7313,02/17/22 09:20:00 PM,,0.0,,,
7314,02/17/22 09:25:00 PM,,0.0,,,
7315,02/17/22 09:30:00 PM,8.779,0.0,,,
7316,02/17/22 09:35:00 PM,,0.0,,,
7317,02/17/22 09:40:00 PM,,0.0,,,
7318,02/17/22 09:45:00 PM,,0.0,,,
7319,02/17/22 09:50:00 PM,,0.0,,,
7320,02/17/22 09:55:00 PM,,0.0,,,
7321,02/17/22 10:00:00 PM,8.779,0.0,,,
7322,02/17/22 10:05:00 PM,,0.0,,,
7323,02/17/22 10:10:00 PM,,0.0,,,
7324,02/17/22 10:15:00 PM,,0.0,,,
7325,02/17/22 10:20:00 PM,,0.0,,,
7326,02/17/22 10:25:00 PM,,0.0,,,
7327,02/17/22 10:30:00 PM,8.978,0.0,,,
7328,02/17/22 10:35:00 PM,,0.0,,,
7329,02/17/22 10:40:00 PM,,0.0,,,
7330,02/17/22 10:45:00 PM,,0.0,,,
7331,02/17/22 10:50:00 PM,,0.0,,,
7332,02/17/22 10:55:00 PM,,0.0,,,
7333,02/17/22 11:00:00 PM,9.077,0.0,,,
7334,02/17/22 11:05:00 PM,,0.0,,,
7335,02/17/22 11:10:00 PM,,0.0,,,
7336,02/17/22 11:15:00 PM,,0.0,,,
7337,02/17/22 11:20:00 PM,,0.0,,,
7338,02/17/22 11:25:00 PM,,0.0,,,
7339,02/17/22 11:30:00 PM,8.978,0.0,,,
7340,02/17/22 11:35:00 PM,,0.0,,,
7341,02/17/22 11:40:00 PM,,0.0,,,
7342,02/17/22 11:45:00 PM,,0.0,,,
7343,02/17/22 11:50:00 PM,,0.0,,,
7344,02/17/22 11:55:00 PM,,0.0,,,
7345,02/18/22 12:00:00 AM,9.077,0.0,,,
7346,02/18/22 12:05:00 AM,,0.0,,,
7347,02/18/22 12:10:00 AM,,0.0,,,
7348,02/18/22 12:15:00 AM,,0.0,,,
7349,02/18/22 12:20:00 AM,,0.0,,,
7350,02/18/22 12:25:00 AM,,0.0,,,
7351,02/18/22 12:30:00 AM,9.176,0.0,,,
7352,02/18/22 12:35:00 AM,,0.0,,,
7353,02/18/22 12:40:00 AM,,0.0,,,
7354,02/18/22 12:45:00 AM,,0.0,,,
7355,02/18/22 12:50:00 AM,,0.0,,,
7356,02/18/22 12:55:00 AM,,0.0,,,
7357,02/18/22 01:00:00 AM,9.077,0.0,,,
7358,02/18/22 01:05:00 AM,,0.0,,,
7359,02/18/22 01:10:00 AM,,0.0,,,
7360,02/18/22 01:15:00 AM,,0.0,,,
7361,02/18/22 01:20:00 AM,,0.0,,,
7362,02/18/22 01:25:00 AM,,0.0,,,
7363,02/18/22 01:30:00 AM,9.176,0.0,,,
7364,02/18/22 01:35:00 AM,,0.0,,,
7365,02/18/22 01:40:00 AM,,0.0,,,
7366,02/18/22 01:45:00 AM,,0.0,,,
7367,02/18/22 01:50:00 AM,,0.0,,,
7368,02/18/22 01:55:00 AM,,0.0,,,
7369,02/18/22 02:00:00 AM,9.275,0.0,,,
7370,02/18/22 02:05:00 AM,,0.0,,,
7371,02/18/22 02:10:00 AM,,0.0,,,
7372,02/18/22 02:15:00 AM,,0.0,,,
7373,02/18/22 02:20:00 AM,,0.0,,,
7374,02/18/22 02:25:00 AM,,0.0,,,
7375,02/18/22 02:30:00 AM,9.176,0.0,,,
7376,02/18/22 02:35:00 AM,,0.0,,,
7377,02/18/22 02:40:00 AM,,0.0,,,
7378,02/18/22 02:45:00 AM,,0.0,,,
7379,02/18/22 02:50:00 AM,,0.0,,,
7380,02/18/22 02:55:00 AM,,0.0,,,
7381,02/18/22 03:00:00 AM,8.978,0.0,,,
7382,02/18/22 03:05:00 AM,,0.0,,,
7383,02/18/22 03:10:00 AM,,0.0,,,
7384,02/18/22 03:15:00 AM,,0.0,,,
7385,02/18/22 03:20:00 AM,,0.0,,,
7386,02/18/22 03:25:00 AM,,0.0,,,
7387,02/18/22 03:30:00 AM,8.680,0.0,,,
7388,02/18/22 03:35:00 AM,,0.0,,,
7389,02/18/22 03:40:00 AM,,0.0,,,
7390,02/18/22 03:45:00 AM,,0.0,,,
7391,02/18/22 03:50:00 AM,,0.0,,,
7392,02/18/22 03:55:00 AM,,0.0,,,
7393,02/18/22 04:00:00 AM,8.879,0.0,,,
7394,02/18/22 04:05:00 AM,,0.0,,,
7395,02/18/22 04:10:00 AM,,0.0,,,
7396,02/18/22 04:15:00 AM,,0.0,,,
7397,02/18/22 04:20:00 AM,,0.0,,,
7398,02/18/22 04:25:00 AM,,0.0,,,
7399,02/18/22 04:30:00 AM,8.978,0.0,,,
7400,02/18/22 04:35:00 AM,,0.0,,,
7401,02/18/22 04:40:00 AM,,0.0,,,
7402,02/18/22 04:45:00 AM,,0.0,,,
7403,02/18/22 04:50:00 AM,,0.0,,,
7404,02/18/22 04:55:00 AM,,0.0,,,
7405,02/18/22 05:00:00 AM,9.373,0.0,,,
7406,02/18/22 05:05:00 AM,,0.0,,,
7407,02/18/22 05:10:00 AM,,0.0,,,
7408,02/18/22 05:15:00 AM,,0.0,,,
7409,02/18/22 05:20:00 AM,,0.0,,,
7410,02/18/22 05:25:00 AM,,0.0,,,
7411,02/18/22 05:30:00 AM,9.472,0.0,,,
7412,02/18/22 05:35:00 AM,,0.0,,,
7413,02/18/22 05:40:00 AM,,0.0,,,
7414,02/18/22 05:45:00 AM,,0.0,,,
7415,02/18/22 05:50:00 AM,,0.0,,,
7416,02/18/22 05:55:00 AM,,0.0,,,
7417,02/18/22 06:00:00 AM,9.768,0.0,,,
7418,02/18/22 06:05:00 AM,,0.0,,,
7419,02/18/22 06:10:00 AM,,0.0,,,
7420,02/18/22 06:15:00 AM,,0.0,,,
7421,02/18/22 06:20:00 AM,,0.0,,,
7422,02/18/22 06:25:00 AM,,0.0,,,
7423,02/18/22 06:30:00 AM,9.965,0.0,,,
7424,02/18/22 06:35:00 AM,,0.0,,,
7425,02/18/22 06:40:00 AM,,0.0,,,
7426,02/18/22 06:45:00 AM,,0.0,,,
7427,02/18/22 06:50:00 AM,,0.0,,,
7428,02/18/22 06:55:00 AM,,0.0,,,
7429,02/18/22 07:00:00 AM,10.259,0.0,,,
7430,02/18/22 07:05:00 AM,,0.0,,,
7431,02/18/22 07:10:00 AM,,0.0,,,
7432,02/18/22 07:15:00 AM,,0.0,,,
7433,02/18/22 07:20:00 AM,,0.0,,,
7434,02/18/22 07:25:00 AM,,0.0,,,
7435,02/18/22 07:30:00 AM,10.846,0.0,,,
7436,02/18/22 07:35:00 AM,,0.0,,,
7437,02/18/22 07:40:00 AM,,0.0,,,
7438,02/18/22 07:45:00 AM,,0.0,,,
7439,02/18/22 07:50:00 AM,,0.0,,,
7440,02/18/22 07:55:00 AM,,0.0,,,
7441,02/18/22 08:00:00 AM,11.431,0.0,,,
7442,02/18/22 08:05:00 AM,,0.0,,,
7443,02/18/22 08:10:00 AM,,0.0,,,
7444,02/18/22 08:15:00 AM,,0.0,,,
7445,02/18/22 08:20:00 AM,,0.0,,,
7446,02/18/22 08:25:00 AM,,0.0,,,
7447,02/18/22 08:30:00 AM,11.916,0.0,,,
7448,02/18/22 08:35:00 AM,,0.0,,,
7449,02/18/22 08:40:00 AM,,0.0,,,
7450,02/18/22 08:45:00 AM,,0.0,,,
7451,02/18/22 08:50:00 AM,,0.0,,,
7452,02/18/22 08:55:00 AM,,0.0,,,
7453,02/18/22 09:00:00 AM,12.207,0.0,,,
7454,02/18/22 09:05:00 AM,,0.0,,,
7455,02/18/22 09:10:00 AM,,0.0,,,
7456,02/18/22 09:15:00 AM,,0.0,,,
7457,02/18/22 09:20:00 AM,,0.0,,,
7458,02/18/22 09:25:00 AM,,0.0,,,
7459,02/18/22 09:30:00 AM,13.269,0.0,,,
7460,02/18/22 09:35:00 AM,,0.0,,,
7461,02/18/22 09:40:00 AM,,0.0,,,
7462,02/18/22 09:45:00 AM,,0.0,,,
7463,02/18/22 09:50:00 AM,,0.0,,,
7464,02/18/22 09:55:00 AM,,0.0,,,
7465,02/18/22 10:00:00 AM,12.883,0.0,,,
7466,02/18/22 10:05:00 AM,,0.0,,,
7467,02/18/22 10:10:00 AM,,0.0,,,
7468,02/18/22 10:15:00 AM,,0.0,,,
7469,02/18/22 10:20:00 AM,,0.0,,,
7470,02/18/22 10:25:00 AM,,0.0,,,
7471,02/18/22 10:30:00 AM,12.980,0.0,,,
7472,02/18/22 10:35:00 AM,,0.0,,,
7473,02/18/22 10:40:00 AM,,0.0,,,
7474,02/18/22 10:45:00 AM,,0.0,,,
7475,02/18/22 10:50:00 AM,,0.0,,,
7476,02/18/22 10:55:00 AM,,0.0,,,
7477,02/18/22 11:00:00 AM,13.269,0.0,,,
7478,02/18/22 11:05:00 AM,,0.0,,,
7479,02/18/22 11:10:00 AM,,0.0,,,
7480,02/18/22 11:15:00 AM,,0.0,,,
7481,02/18/22 11:20:00 AM,,0.0,,,
7482,02/18/22 11:25:00 AM,,0.0,,,
7483,02/18/22 11:30:00 AM,13.846,0.0,,,
7484,02/18/22 11:35:00 AM,,0.0,,,
7485,02/18/22 11:40:00 AM,,0.0,,,
7486,02/18/22 11:45:00 AM,,0.0,,,
7487,02/18/22 11:50:00 AM,,0.0,,,
7488,02/18/22 11:55:00 AM,,0.0,,,
7489,02/18/22 12:00:00 PM,14.134,0.0,,,
7490,02/18/22 12:05:00 PM,,0.0,,,
7491,02/18/22 12:10:00 PM,,0.0,,,
7492,02/18/22 12:15:00 PM,,0.0,,,
7493,02/18/22 12:20:00 PM,,0.0,,,
7494,02/18/22 12:25:00 PM,,0.0,,,
7495,02/18/22 12:30:00 PM,13.846,0.0,,,
7496,02/18/22 12:35:00 PM,,0.0,,,
7497,02/18/22 12:40:00 PM,,0.0,,,
7498,02/18/22 12:45:00 PM,,0.0,,,
7499,02/18/22 12:50:00 PM,,0.0,,,
7500,02/18/22 12:55:00 PM,,0.0,,,
7501,02/18/22 01:00:00 PM,13.846,0.0,,,
7502,02/18/22 01:05:00 PM,,0.0,,,
7503,02/18/22 01:10:00 PM,,0.0,,,
7504,02/18/22 01:15:00 PM,,0.0,,,
7505,02/18/22 01:20:00 PM,,0.0,,,
7506,02/18/22 01:25:00 PM,,0.0,,,
7507,02/18/22 01:30:00 PM,13.750,0.0,,,
7508,02/18/22 01:35:00 PM,,0.0,,,
7509,02/18/22 01:40:00 PM,,0.0,,,
7510,02/18/22 01:45:00 PM,,0.0,,,
7511,02/18/22 01:50:00 PM,,0.0,,,
7512,02/18/22 01:55:00 PM,,0.0,,,
7513,02/18/22 02:00:00 PM,13.654,0.0,,,
7514,02/18/22 02:05:00 PM,,0.0,,,
7515,02/18/22 02:10:00 PM,,0.0,,,
7516,02/18/22 02:15:00 PM,,0.0,,,
7517,02/18/22 02:20:00 PM,,0.0,,,
7518,02/18/22 02:25:00 PM,,0.0,,,
7519,02/18/22 02:30:00 PM,13.461,0.0,,,
7520,02/18/22 02:35:00 PM,,0.0,,,
7521,02/18/22 02:40:00 PM,,0.0,,,
7522,02/18/22 02:45:00 PM,,0.0,,,
7523,02/18/22 02:50:00 PM,,0.0,,,
7524,02/18/22 02:55:00 PM,,0.0,,,
7525,02/18/22 03:00:00 PM,13.365,0.0,,,
7526,02/18/22 03:05:00 PM,,0.0,,,
7527,02/18/22 03:10:00 PM,,0.0,,,
7528,02/18/22 03:15:00 PM,,0.0,,,
7529,02/18/22 03:20:00 PM,,0.0,,,
7530,02/18/22 03:25:00 PM,,0.0,,,
7531,02/18/22 03:30:00 PM,13.461,0.0,,,
7532,02/18/22 03:35:00 PM,,0.0,,,
7533,02/18/22 03:40:00 PM,,0.0,,,
7534,02/18/22 03:45:00 PM,,0.0,,,
7535,02/18/22 03:50:00 PM,,0.0,,,
7536,02/18/22 03:55:00 PM,,0.0,,,
7537,02/18/22 04:00:00 PM,13.365,0.0,,,
7538,02/18/22 04:05:00 PM,,0.0,,,
7539,02/18/22 04:10:00 PM,,0.0,,,
7540,02/18/22 04:15:00 PM,,0.0,,,
7541,02/18/22 04:20:00 PM,,0.0,,,
7542,02/18/22 04:25:00 PM,,0.0,,,
7543,02/18/22 04:30:00 PM,13.750,0.0,,,
7544,02/18/22 04:35:00 PM,,0.0,,,
7545,02/18/22 04:40:00 PM,,0.0,,,
7546,02/18/22 04:45:00 PM,,0.0,,,
7547,02/18/22 04:50:00 PM,,0.0,,,
7548,02/18/22 04:55:00 PM,,0.0,,,
7549,02/18/22 05:00:00 PM,13.654,0.0,,,
7550,02/18/22 05:05:00 PM,,0.0,,,
7551,02/18/22 05:10:00 PM,,0.0,,,
7552,02/18/22 05:15:00 PM,,0.0,,,
7553,02/18/22 05:20:00 PM,,0.0,,,
7554,02/18/22 05:25:00 PM,,0.0,,,
7555,02/18/22 05:30:00 PM,13.461,0.0,,,
7556,02/18/22 05:35:00 PM,,0.0,,,
7557,02/18/22 05:40:00 PM,,0.6,,,
7558,02/18/22 05:45:00 PM,,0.2,,,
7559,02/18/22 05:50:00 PM,,0.0,,,
7560,02/18/22 05:55:00 PM,,0.0,,,
7561,02/18/22 06:00:00 PM,7.782,0.0,,,
7562,02/18/22 06:05:00 PM,,0.0,,,
7563,02/18/22 06:10:00 PM,,0.0,,,
7564,02/18/22 06:15:00 PM,,0.0,,,
7565,02/18/22 06:20:00 PM,,0.0,,,
7566,02/18/22 06:25:00 PM,,0.0,,,
7567,02/18/22 06:30:00 PM,7.481,0.0,,,
7568,02/18/22 06:35:00 PM,,0.0,,,
7569,02/18/22 06:40:00 PM,,0.0,,,
7570,02/18/22 06:45:00 PM,,0.0,,,
7571,02/18/22 06:50:00 PM,,0.0,,,
7572,02/18/22 06:55:00 PM,,0.0,,,
7573,02/18/22 07:00:00 PM,7.582,0.0,,,
7574,02/18/22 07:05:00 PM,,0.0,,,
7575,02/18/22 07:10:00 PM,,0.0,,,
7576,02/18/22 07:15:00 PM,,0.0,,,
7577,02/18/22 07:20:00 PM,,0.0,,,
7578,02/18/22 07:25:00 PM,,0.0,,,
7579,02/18/22 07:30:00 PM,7.481,0.0,,,
7580,02/18/22 07:35:00 PM,,0.0,,,
7581,02/18/22 07:40:00 PM,,0.0,,,
7582,02/18/22 07:45:00 PM,,0.0,,,
7583,02/18/22 07:50:00 PM,,0.0,,,
7584,02/18/22 07:55:00 PM,,0.0,,,
7585,02/18/22 08:00:00 PM,7.682,0.0,,,
7586,02/18/22 08:05:00 PM,,0.0,,,
7587,02/18/22 08:10:00 PM,,0.0,,,
7588,02/18/22 08:15:00 PM,,0.0,,,
7589,02/18/22 08:20:00 PM,,0.0,,,
7590,02/18/22 08:25:00 PM,,0.0,,,
7591,02/18/22 08:30:00 PM,7.682,0.0,,,
7592,02/18/22 08:35:00 PM,,0.0,,,
7593,02/18/22 08:40:00 PM,,0.0,,,
7594,02/18/22 08:45:00 PM,,0.0,,,
7595,02/18/22 08:50:00 PM,,0.0,,,
7596,02/18/22 08:55:00 PM,,0.0,,,
7597,02/18/22 09:00:00 PM,7.782,0.0,,,
7598,02/18/22 09:05:00 PM,,0.0,,,
7599,02/18/22 09:10:00 PM,,0.0,,,
7600,02/18/22 09:15:00 PM,,0.0,,,
7601,02/18/22 09:20:00 PM,,0.0,,,
7602,02/18/22 09:25:00 PM,,0.0,,,
7603,02/18/22 09:30:00 PM,7.782,0.0,,,
7604,02/18/22 09:35:00 PM,,0.0,,,
7605,02/18/22 09:40:00 PM,,0.0,,,
7606,02/18/22 09:45:00 PM,,0.0,,,
7607,02/18/22 09:50:00 PM,,0.0,,,
7608,02/18/22 09:55:00 PM,,0.0,,,
7609,02/18/22 10:00:00 PM,7.782,0.0,,,
7610,02/18/22 10:05:00 PM,,0.0,,,
7611,02/18/22 10:10:00 PM,,0.0,,,
7612,02/18/22 10:15:00 PM,,0.0,,,
7613,02/18/22 10:20:00 PM,,0.0,,,
7614,02/18/22 10:25:00 PM,,0.0,,,
7615,02/18/22 10:30:00 PM,7.481,0.0,,,
7616,02/18/22 10:35:00 PM,,0.0,,,
7617,02/18/22 10:40:00 PM,,0.0,,,
7618,02/18/22 10:45:00 PM,,0.0,,,
7619,02/18/22 10:50:00 PM,,0.0,,,
7620,02/18/22 10:55:00 PM,,0.0,,,
7621,02/18/22 11:00:00 PM,7.481,0.0,,,
7622,02/18/22 11:05:00 PM,,0.0,,,
7623,02/18/22 11:10:00 PM,,0.0,,,
7624,02/18/22 11:15:00 PM,,0.0,,,
7625,02/18/22 11:20:00 PM,,0.0,,,
7626,02/18/22 11:25:00 PM,,0.0,,,
7627,02/18/22 11:30:00 PM,7.381,0.0,,,
7628,02/18/22 11:35:00 PM,,0.0,,,
7629,02/18/22 11:40:00 PM,,0.0,,,
7630,02/18/22 11:45:00 PM,,0.0,,,
7631,02/18/22 11:50:00 PM,,0.0,,,
7632,02/18/22 11:55:00 PM,,0.0,,,
7633,02/19/22 12:00:00 AM,7.179,0.0,,,
7634,02/19/22 12:05:00 AM,,0.0,,,
7635,02/19/22 12:10:00 AM,,0.0,,,
7636,02/19/22 12:15:00 AM,,0.0,,,
7637,02/19/22 12:20:00 AM,,0.0,,,
7638,02/19/22 12:25:00 AM,,0.0,,,
7639,02/19/22 12:30:00 AM,6.978,0.0,,,
7640,02/19/22 12:35:00 AM,,0.0,,,
7641,02/19/22 12:40:00 AM,,0.0,,,
7642,02/19/22 12:45:00 AM,,0.0,,,
7643,02/19/22 12:50:00 AM,,0.0,,,
7644,02/19/22 12:55:00 AM,,0.0,,,
7645,02/19/22 01:00:00 AM,6.674,0.0,,,
7646,02/19/22 01:05:00 AM,,0.0,,,
7647,02/19/22 01:10:00 AM,,0.0,,,
7648,02/19/22 01:15:00 AM,,0.0,,,
7649,02/19/22 01:20:00 AM,,0.0,,,
7650,02/19/22 01:25:00 AM,,0.0,,,
7651,02/19/22 01:30:00 AM,6.471,0.0,,,
7652,02/19/22 01:35:00 AM,,0.0,,,
7653,02/19/22 01:40:00 AM,,0.0,,,
7654,02/19/22 01:45:00 AM,,0.0,,,
7655,02/19/22 01:50:00 AM,,0.0,,,
7656,02/19/22 01:55:00 AM,,0.0,,,
7657,02/19/22 02:00:00 AM,6.166,0.0,,,
7658,02/19/22 02:05:00 AM,,0.0,,,
7659,02/19/22 02:10:00 AM,,0.0,,,
7660,02/19/22 02:15:00 AM,,0.0,,,
7661,02/19/22 02:20:00 AM,,0.0,,,
7662,02/19/22 02:25:00 AM,,0.0,,,
7663,02/19/22 02:30:00 AM,5.962,0.0,,,
7664,02/19/22 02:35:00 AM,,0.0,,,
7665,02/19/22 02:40:00 AM,,0.0,,,
7666,02/19/22 02:45:00 AM,,0.0,,,
7667,02/19/22 02:50:00 AM,,0.0,,,
7668,02/19/22 02:55:00 AM,,0.0,,,
7669,02/19/22 03:00:00 AM,5.757,0.0,,,
7670,02/19/22 03:05:00 AM,,0.0,,,
7671,02/19/22 03:10:00 AM,,0.0,,,
7672,02/19/22 03:15:00 AM,,0.0,,,
7673,02/19/22 03:20:00 AM,,0.0,,,
7674,02/19/22 03:25:00 AM,,0.0,,,
7675,02/19/22 03:30:00 AM,5.450,0.0,,,
7676,02/19/22 03:35:00 AM,,0.0,,,
7677,02/19/22 03:40:00 AM,,0.0,,,
7678,02/19/22 03:45:00 AM,,0.0,,,
7679,02/19/22 03:50:00 AM,,0.0,,,
7680,02/19/22 03:55:00 AM,,0.0,,,
7681,02/19/22 04:00:00 AM,4.934,0.0,,,
7682,02/19/22 04:05:00 AM,,0.0,,,
7683,02/19/22 04:10:00 AM,,0.0,,,
7684,02/19/22 04:15:00 AM,,0.0,,,
7685,02/19/22 04:20:00 AM,,0.0,,,
7686,02/19/22 04:25:00 AM,,0.0,,,
7687,02/19/22 04:30:00 AM,4.623,0.0,,,
7688,02/19/22 04:35:00 AM,,0.0,,,
7689,02/19/22 04:40:00 AM,,0.0,,,
7690,02/19/22 04:45:00 AM,,0.0,,,
7691,02/19/22 04:50:00 AM,,0.0,,,
7692,02/19/22 04:55:00 AM,,0.0,,,
7693,02/19/22 05:00:00 AM,4.519,0.0,,,
7694,02/19/22 05:05:00 AM,,0.0,,,
7695,02/19/22 05:10:00 AM,,0.0,,,
7696,02/19/22 05:15:00 AM,,0.0,,,
7697,02/19/22 05:20:00 AM,,0.0,,,
7698,02/19/22 05:25:00 AM,,0.0,,,
7699,02/19/22 05:30:00 AM,4.311,0.0,,,
7700,02/19/22 05:35:00 AM,,0.0,,,
7701,02/19/22 05:40:00 AM,,0.0,,,
7702,02/19/22 05:45:00 AM,,0.0,,,
7703,02/19/22 05:50:00 AM,,0.0,,,
7704,02/19/22 05:55:00 AM,,0.0,,,
7705,02/19/22 06:00:00 AM,4.207,0.0,,,
7706,02/19/22 06:05:00 AM,,0.0,,,
7707,02/19/22 06:10:00 AM,,0.0,,,
7708,02/19/22 06:15:00 AM,,0.0,,,
7709,02/19/22 06:20:00 AM,,0.0,,,
7710,02/19/22 06:25:00 AM,,0.0,,,
7711,02/19/22 06:30:00 AM,4.207,0.0,,,
7712,02/19/22 06:35:00 AM,,0.0,,,
7713,02/19/22 06:40:00 AM,,0.0,,,
7714,02/19/22 06:45:00 AM,,0.0,,,
7715,02/19/22 06:50:00 AM,,0.0,,,
7716,02/19/22 06:55:00 AM,,0.0,,,
7717,02/19/22 07:00:00 AM,4.102,0.0,,,
7718,02/19/22 07:05:00 AM,,0.0,,,
7719,02/19/22 07:10:00 AM,,0.0,,,
7720,02/19/22 07:15:00 AM,,0.0,,,
7721,02/19/22 07:20:00 AM,,0.0,,,
7722,02/19/22 07:25:00 AM,,0.0,,,
7723,02/19/22 07:30:00 AM,3.998,0.0,,,
7724,02/19/22 07:35:00 AM,,0.0,,,
7725,02/19/22 07:40:00 AM,,0.0,,,
7726,02/19/22 07:45:00 AM,,0.0,,,
7727,02/19/22 07:50:00 AM,,0.0,,,
7728,02/19/22 07:55:00 AM,,0.0,,,
7729,02/19/22 08:00:00 AM,4.102,0.0,,,
7730,02/19/22 08:05:00 AM,,0.0,,,
7731,02/19/22 08:10:00 AM,,0.0,,,
7732,02/19/22 08:15:00 AM,,0.0,,,
7733,02/19/22 08:20:00 AM,,0.0,,,
7734,02/19/22 08:25:00 AM,,0.0,,,
7735,02/19/22 08:30:00 AM,4.519,0.0,,,
7736,02/19/22 08:35:00 AM,,0.0,,,
7737,02/19/22 08:40:00 AM,,0.0,,,
7738,02/19/22 08:45:00 AM,,0.0,,,
7739,02/19/22 08:50:00 AM,,0.0,,,
7740,02/19/22 08:55:00 AM,,0.0,,,
7741,02/19/22 09:00:00 AM,4.415,0.0,,,
7742,02/19/22 09:05:00 AM,,0.0,,,
7743,02/19/22 09:10:00 AM,,0.0,,,
7744,02/19/22 09:15:00 AM,,0.0,,,
7745,02/19/22 09:20:00 AM,,0.0,,,
7746,02/19/22 09:25:00 AM,,0.0,,,
7747,02/19/22 09:30:00 AM,4.727,0.0,,,
7748,02/19/22 09:35:00 AM,,0.0,,,
7749,02/19/22 09:40:00 AM,,0.0,,,
7750,02/19/22 09:45:00 AM,,0.0,,,
7751,02/19/22 09:50:00 AM,,0.0,,,
7752,02/19/22 09:55:00 AM,,0.0,,,
7753,02/19/22 10:00:00 AM,5.244,0.0,,,
7754,02/19/22 10:05:00 AM,,0.0,,,
7755,02/19/22 10:10:00 AM,,0.0,,,
7756,02/19/22 10:15:00 AM,,0.0,,,
7757,02/19/22 10:20:00 AM,,0.0,,,
7758,02/19/22 10:25:00 AM,,0.0,,,
7759,02/19/22 10:30:00 AM,5.552,0.0,,,
7760,02/19/22 10:35:00 AM,,0.0,,,
7761,02/19/22 10:40:00 AM,,0.0,,,
7762,02/19/22 10:45:00 AM,,0.0,,,
7763,02/19/22 10:50:00 AM,,0.0,,,
7764,02/19/22 10:55:00 AM,,0.0,,,
7765,02/19/22 11:00:00 AM,6.370,0.0,,,
7766,02/19/22 11:05:00 AM,,0.0,,,
7767,02/19/22 11:10:00 AM,,0.0,,,
7768,02/19/22 11:15:00 AM,,0.0,,,
7769,02/19/22 11:20:00 AM,,0.0,,,
7770,02/19/22 11:25:00 AM,,0.0,,,
7771,02/19/22 11:30:00 AM,6.775,0.0,,,
7772,02/19/22 11:35:00 AM,,0.0,,,
7773,02/19/22 11:40:00 AM,,0.0,,,
7774,02/19/22 11:45:00 AM,,0.0,,,
7775,02/19/22 11:50:00 AM,,0.0,,,
7776,02/19/22 11:55:00 AM,,0.0,,,
7777,02/19/22 12:00:00 PM,5.860,0.0,,,
7778,02/19/22 12:05:00 PM,,0.0,,,
7779,02/19/22 12:10:00 PM,,0.0,,,
7780,02/19/22 12:15:00 PM,,0.0,,,
7781,02/19/22 12:20:00 PM,,0.0,,,
7782,02/19/22 12:25:00 PM,,0.0,,,
7783,02/19/22 12:30:00 PM,6.978,0.0,,,
7784,02/19/22 12:35:00 PM,,0.0,,,
7785,02/19/22 12:40:00 PM,,0.0,,,
7786,02/19/22 12:45:00 PM,,0.0,,,
7787,02/19/22 12:50:00 PM,,0.0,,,
7788,02/19/22 12:55:00 PM,,0.0,,,
7789,02/19/22 01:00:00 PM,8.182,0.0,,,
7790,02/19/22 01:05:00 PM,,0.0,,,
7791,02/19/22 01:10:00 PM,,0.0,,,
7792,02/19/22 01:15:00 PM,,0.0,,,
7793,02/19/22 01:20:00 PM,,0.0,,,
7794,02/19/22 01:25:00 PM,,0.0,,,
7795,02/19/22 01:30:00 PM,8.481,0.0,,,
7796,02/19/22 01:35:00 PM,,0.0,,,
7797,02/19/22 01:40:00 PM,,0.0,,,
7798,02/19/22 01:45:00 PM,,0.0,,,
7799,02/19/22 01:50:00 PM,,0.0,,,
7800,02/19/22 01:55:00 PM,,0.0,,,
7801,02/19/22 02:00:00 PM,8.581,0.0,,,
7802,02/19/22 02:05:00 PM,,0.0,,,
7803,02/19/22 02:10:00 PM,,0.0,,,
7804,02/19/22 02:15:00 PM,,0.0,,,
7805,02/19/22 02:20:00 PM,,0.0,,,
7806,02/19/22 02:25:00 PM,,0.0,,,
7807,02/19/22 02:30:00 PM,9.571,0.0,,,
7808,02/19/22 02:35:00 PM,,0.0,,,
7809,02/19/22 02:40:00 PM,,0.0,,,
7810,02/19/22 02:45:00 PM,,0.0,,,
7811,02/19/22 02:50:00 PM,,0.0,,,
7812,02/19/22 02:55:00 PM,,0.0,,,
7813,02/19/22 03:00:00 PM,10.063,0.0,,,
7814,02/19/22 03:05:00 PM,,0.0,,,
7815,02/19/22 03:10:00 PM,,0.0,,,
7816,02/19/22 03:15:00 PM,,0.0,,,
7817,02/19/22 03:20:00 PM,,0.0,,,
7818,02/19/22 03:25:00 PM,,0.0,,,
7819,02/19/22 03:30:00 PM,9.866,0.0,,,
7820,02/19/22 03:35:00 PM,,0.0,,,
7821,02/19/22 03:40:00 PM,,0.0,,,
7822,02/19/22 03:45:00 PM,,0.0,,,
7823,02/19/22 03:50:00 PM,,0.0,,,
7824,02/19/22 03:55:00 PM,,0.0,,,
7825,02/19/22 04:00:00 PM,7.882,0.0,,,
7826,02/19/22 04:05:00 PM,,0.0,,,
7827,02/19/22 04:10:00 PM,,0.0,,,
7828,02/19/22 04:15:00 PM,,0.0,,,
7829,02/19/22 04:20:00 PM,,0.0,,,
7830,02/19/22 04:25:00 PM,,0.0,,,
7831,02/19/22 04:30:00 PM,7.280,0.0,,,
7832,02/19/22 04:35:00 PM,,0.0,,,
7833,02/19/22 04:40:00 PM,,0.0,,,
7834,02/19/22 04:45:00 PM,,0.0,,,
7835,02/19/22 04:50:00 PM,,0.0,,,
7836,02/19/22 04:55:00 PM,,0.0,,,
7837,02/19/22 05:00:00 PM,6.064,0.0,,,
7838,02/19/22 05:05:00 PM,,0.0,,,
7839,02/19/22 05:10:00 PM,,0.0,,,
7840,02/19/22 05:15:00 PM,,0.0,,,
7841,02/19/22 05:20:00 PM,,0.0,,,
7842,02/19/22 05:25:00 PM,,0.0,,,
7843,02/19/22 05:30:00 PM,5.347,0.0,,,
7844,02/19/22 05:35:00 PM,,0.0,,,
7845,02/19/22 05:40:00 PM,,0.0,,,
7846,02/19/22 05:45:00 PM,,0.0,,,
7847,02/19/22 05:50:00 PM,,0.0,,,
7848,02/19/22 05:55:00 PM,,0.0,,,
7849,02/19/22 06:00:00 PM,4.831,0.0,,,
7850,02/19/22 06:05:00 PM,,0.0,,,
7851,02/19/22 06:10:00 PM,,0.0,,,
7852,02/19/22 06:15:00 PM,,0.0,,,
7853,02/19/22 06:20:00 PM,,0.0,,,
7854,02/19/22 06:25:00 PM,,0.0,,,
7855,02/19/22 06:30:00 PM,5.450,0.0,,,
7856,02/19/22 06:35:00 PM,,0.0,,,
7857,02/19/22 06:40:00 PM,,0.0,,,
7858,02/19/22 06:45:00 PM,,0.0,,,
7859,02/19/22 06:50:00 PM,,0.0,,,
7860,02/19/22 06:55:00 PM,,0.0,,,
7861,02/19/22 07:00:00 PM,5.450,0.0,,,
7862,02/19/22 07:05:00 PM,,0.0,,,
7863,02/19/22 07:10:00 PM,,0.0,,,
7864,02/19/22 07:15:00 PM,,0.0,,,
7865,02/19/22 07:20:00 PM,,0.0,,,
7866,02/19/22 07:25:00 PM,,0.0,,,
7867,02/19/22 07:30:00 PM,5.655,0.0,,,
7868,02/19/22 07:35:00 PM,,0.0,,,
7869,02/19/22 07:40:00 PM,,0.0,,,
7870,02/19/22 07:45:00 PM,,0.0,,,
7871,02/19/22 07:50:00 PM,,0.0,,,
7872,02/19/22 07:55:00 PM,,0.0,,,
7873,02/19/22 08:00:00 PM,5.655,0.0,,,
7874,02/19/22 08:05:00 PM,,0.0,,,
7875,02/19/22 08:10:00 PM,,0.0,,,
7876,02/19/22 08:15:00 PM,,0.0,,,
7877,02/19/22 08:20:00 PM,,0.0,,,
7878,02/19/22 08:25:00 PM,,0.0,,,
7879,02/19/22 08:30:00 PM,5.347,0.0,,,
7880,02/19/22 08:35:00 PM,,0.0,,,
7881,02/19/22 08:40:00 PM,,0.0,,,
7882,02/19/22 08:45:00 PM,,0.0,,,
7883,02/19/22 08:50:00 PM,,0.0,,,
7884,02/19/22 08:55:00 PM,,0.0,,,
7885,02/19/22 09:00:00 PM,5.450,0.0,,,
7886,02/19/22 09:05:00 PM,,0.0,,,
7887,02/19/22 09:10:00 PM,,0.0,,,
7888,02/19/22 09:15:00 PM,,0.0,,,
7889,02/19/22 09:20:00 PM,,0.0,,,
7890,02/19/22 09:25:00 PM,,0.0,,,
7891,02/19/22 09:30:00 PM,5.655,0.0,,,
7892,02/19/22 09:35:00 PM,,0.0,,,
7893,02/19/22 09:40:00 PM,,0.0,,,
7894,02/19/22 09:45:00 PM,,0.0,,,
7895,02/19/22 09:50:00 PM,,0.0,,,
7896,02/19/22 09:55:00 PM,,0.0,,,
7897,02/19/22 10:00:00 PM,5.757,0.0,,,
7898,02/19/22 10:05:00 PM,,0.0,,,
7899,02/19/22 10:10:00 PM,,0.0,,,
7900,02/19/22 10:15:00 PM,,0.0,,,
7901,02/19/22 10:20:00 PM,,0.0,,,
7902,02/19/22 10:25:00 PM,,0.0,,,
7903,02/19/22 10:30:00 PM,5.757,0.0,,,
7904,02/19/22 10:35:00 PM,,0.0,,,
7905,02/19/22 10:40:00 PM,,0.0,,,
7906,02/19/22 10:45:00 PM,,0.0,,,
7907,02/19/22 10:50:00 PM,,0.0,,,
7908,02/19/22 10:55:00 PM,,0.0,,,
7909,02/19/22 11:00:00 PM,5.244,0.0,,,
7910,02/19/22 11:05:00 PM,,0.0,,,
7911,02/19/22 11:10:00 PM,,0.0,,,
7912,02/19/22 11:15:00 PM,,0.0,,,
7913,02/19/22 11:20:00 PM,,0.0,,,
7914,02/19/22 11:25:00 PM,,0.0,,,
7915,02/19/22 11:30:00 PM,4.623,0.0,,,
7916,02/19/22 11:35:00 PM,,0.2,,,
7917,02/19/22 11:40:00 PM,,0.0,,,
7918,02/19/22 11:45:00 PM,,0.0,,,
7919,02/19/22 11:50:00 PM,,0.0,,,
7920,02/19/22 11:55:00 PM,,0.0,,,
7921,02/20/22 12:00:00 AM,3.578,0.2,,,
7922,02/20/22 12:05:00 AM,,0.0,,,
7923,02/20/22 12:10:00 AM,,0.0,,,
7924,02/20/22 12:15:00 AM,,0.0,,,
7925,02/20/22 12:20:00 AM,,0.0,,,
7926,02/20/22 12:25:00 AM,,0.0,,,
7927,02/20/22 12:30:00 AM,3.893,0.0,,,
7928,02/20/22 12:35:00 AM,,0.0,,,
7929,02/20/22 12:40:00 AM,,0.0,,,
7930,02/20/22 12:45:00 AM,,0.0,,,
7931,02/20/22 12:50:00 AM,,0.0,,,
7932,02/20/22 12:55:00 AM,,0.0,,,
7933,02/20/22 01:00:00 AM,4.727,0.0,,,
7934,02/20/22 01:05:00 AM,,0.0,,,
7935,02/20/22 01:10:00 AM,,0.0,,,
7936,02/20/22 01:15:00 AM,,0.0,,,
7937,02/20/22 01:20:00 AM,,0.0,,,
7938,02/20/22 01:25:00 AM,,0.0,,,
7939,02/20/22 01:30:00 AM,5.037,0.0,,,
7940,02/20/22 01:35:00 AM,,0.0,,,
7941,02/20/22 01:40:00 AM,,0.0,,,
7942,02/20/22 01:45:00 AM,,0.0,,,
7943,02/20/22 01:50:00 AM,,0.0,,,
7944,02/20/22 01:55:00 AM,,0.0,,,
7945,02/20/22 02:00:00 AM,5.347,0.0,,,
7946,02/20/22 02:05:00 AM,,0.0,,,
7947,02/20/22 02:10:00 AM,,0.0,,,
7948,02/20/22 02:15:00 AM,,0.0,,,
7949,02/20/22 02:20:00 AM,,0.0,,,
7950,02/20/22 02:25:00 AM,,0.0,,,
7951,02/20/22 02:30:00 AM,5.347,0.0,,,
7952,02/20/22 02:35:00 AM,,0.0,,,
7953,02/20/22 02:40:00 AM,,0.0,,,
7954,02/20/22 02:45:00 AM,,0.0,,,
7955,02/20/22 02:50:00 AM,,0.0,,,
7956,02/20/22 02:55:00 AM,,0.0,,,
7957,02/20/22 03:00:00 AM,5.141,0.0,,,
7958,02/20/22 03:05:00 AM,,0.0,,,
7959,02/20/22 03:10:00 AM,,0.0,,,
7960,02/20/22 03:15:00 AM,,0.0,,,
7961,02/20/22 03:20:00 AM,,0.0,,,
7962,02/20/22 03:25:00 AM,,0.0,,,
7963,02/20/22 03:30:00 AM,4.934,0.0,,,
7964,02/20/22 03:35:00 AM,,0.0,,,
7965,02/20/22 03:40:00 AM,,0.0,,,
7966,02/20/22 03:45:00 AM,,0.0,,,
7967,02/20/22 03:50:00 AM,,0.0,,,
7968,02/20/22 03:55:00 AM,,0.0,,,
7969,02/20/22 04:00:00 AM,5.037,0.0,,,
7970,02/20/22 04:05:00 AM,,0.0,,,
7971,02/20/22 04:10:00 AM,,0.0,,,
7972,02/20/22 04:15:00 AM,,0.0,,,
7973,02/20/22 04:20:00 AM,,0.0,,,
7974,02/20/22 04:25:00 AM,,0.0,,,
7975,02/20/22 04:30:00 AM,5.244,0.0,,,
7976,02/20/22 04:35:00 AM,,0.0,,,
7977,02/20/22 04:40:00 AM,,0.0,,,
7978,02/20/22 04:45:00 AM,,0.0,,,
7979,02/20/22 04:50:00 AM,,0.0,,,
7980,02/20/22 04:55:00 AM,,0.0,,,
7981,02/20/22 05:00:00 AM,5.244,0.0,,,
7982,02/20/22 05:05:00 AM,,0.0,,,
7983,02/20/22 05:10:00 AM,,0.0,,,
7984,02/20/22 05:15:00 AM,,0.0,,,
7985,02/20/22 05:20:00 AM,,0.0,,,
7986,02/20/22 05:25:00 AM,,0.0,,,
7987,02/20/22 05:30:00 AM,5.141,0.0,,,
7988,02/20/22 05:35:00 AM,,0.0,,,
7989,02/20/22 05:40:00 AM,,0.0,,,
7990,02/20/22 05:45:00 AM,,0.0,,,
7991,02/20/22 05:50:00 AM,,0.0,,,
7992,02/20/22 05:55:00 AM,,0.0,,,
7993,02/20/22 06:00:00 AM,5.141,0.0,,,
7994,02/20/22 06:05:00 AM,,0.0,,,
7995,02/20/22 06:10:00 AM,,0.0,,,
7996,02/20/22 06:15:00 AM,,0.0,,,
7997,02/20/22 06:20:00 AM,,0.0,,,
7998,02/20/22 06:25:00 AM,,0.0,,,
7999,02/20/22 06:30:00 AM,5.347,0.0,,,
8000,02/20/22 06:35:00 AM,,0.0,,,
8001,02/20/22 06:40:00 AM,,0.0,,,
8002,02/20/22 06:45:00 AM,,0.0,,,
8003,02/20/22 06:50:00 AM,,0.0,,,
8004,02/20/22 06:55:00 AM,,0.0,,,
8005,02/20/22 07:00:00 AM,5.450,0.0,,,
8006,02/20/22 07:05:00 AM,,0.0,,,
8007,02/20/22 07:10:00 AM,,0.0,,,
8008,02/20/22 07:15:00 AM,,0.0,,,
8009,02/20/22 07:20:00 AM,,0.0,,,
8010,02/20/22 07:25:00 AM,,0.0,,,
8011,02/20/22 07:30:00 AM,5.655,0.0,,,
8012,02/20/22 07:35:00 AM,,0.0,,,
8013,02/20/22 07:40:00 AM,,0.0,,,
8014,02/20/22 07:45:00 AM,,0.0,,,
8015,02/20/22 07:50:00 AM,,0.0,,,
8016,02/20/22 07:55:00 AM,,0.0,,,
8017,02/20/22 08:00:00 AM,5.962,0.0,,,
8018,02/20/22 08:05:00 AM,,0.0,,,
8019,02/20/22 08:10:00 AM,,0.0,,,
8020,02/20/22 08:15:00 AM,,0.0,,,
8021,02/20/22 08:20:00 AM,,0.0,,,
8022,02/20/22 08:25:00 AM,,0.0,,,
8023,02/20/22 08:30:00 AM,6.370,0.0,,,
8024,02/20/22 08:35:00 AM,,0.0,,,
8025,02/20/22 08:40:00 AM,,0.0,,,
8026,02/20/22 08:45:00 AM,,0.0,,,
8027,02/20/22 08:50:00 AM,,0.0,,,
8028,02/20/22 08:55:00 AM,,0.0,,,
8029,02/20/22 09:00:00 AM,6.471,0.0,,,
8030,02/20/22 09:05:00 AM,,0.0,,,
8031,02/20/22 09:10:00 AM,,0.0,,,
8032,02/20/22 09:15:00 AM,,0.0,,,
8033,02/20/22 09:20:00 AM,,0.0,,,
8034,02/20/22 09:25:00 AM,,0.0,,,
8035,02/20/22 09:30:00 AM,6.573,0.0,,,
8036,02/20/22 09:35:00 AM,,0.0,,,
8037,02/20/22 09:40:00 AM,,0.0,,,
8038,02/20/22 09:45:00 AM,,0.0,,,
8039,02/20/22 09:50:00 AM,,0.0,,,
8040,02/20/22 09:55:00 AM,,0.0,,,
8041,02/20/22 10:00:00 AM,6.877,0.0,,,
8042,02/20/22 10:05:00 AM,,0.0,,,
8043,02/20/22 10:10:00 AM,,0.0,,,
8044,02/20/22 10:15:00 AM,,0.0,,,
8045,02/20/22 10:20:00 AM,,0.0,,,
8046,02/20/22 10:25:00 AM,,0.0,,,
8047,02/20/22 10:30:00 AM,7.280,0.0,,,
8048,02/20/22 10:35:00 AM,,0.0,,,
8049,02/20/22 10:40:00 AM,,0.0,,,
8050,02/20/22 10:45:00 AM,,0.0,,,
8051,02/20/22 10:50:00 AM,,0.0,,,
8052,02/20/22 10:55:00 AM,,0.0,,,
8053,02/20/22 11:00:00 AM,7.481,0.0,,,
8054,02/20/22 11:05:00 AM,,0.0,,,
8055,02/20/22 11:10:00 AM,,0.0,,,
8056,02/20/22 11:15:00 AM,,0.0,,,
8057,02/20/22 11:20:00 AM,,0.0,,,
8058,02/20/22 11:25:00 AM,,0.0,,,
8059,02/20/22 11:30:00 AM,7.381,0.0,,,
8060,02/20/22 11:31:23 AM,,,Logged,,
8061,02/20/22 11:31:24 AM,,,,Logged,Logged
